0 125 376
1 235 376
2 54 375
3 61 375
4 67 375
5 104 375
6 112 375
7 118 375
8 130 375
9 228 375
10 243 375
11 30 374
12 37 374
13 43 374
14 49 374
15 73 374
16 249 374
17 256 374
18 322 374
19 332 374
20 9 373
21 16 373
22 22 373
23 81 373
24 213 373
25 220 373
26 266 373
27 315 373
28 342 373
29 93 372
30 145 372
31 154 372
32 207 372
33 299 372
34 305 372
35 350 372
36 86 371
37 137 371
38 271 371
39 167 370
40 173 370
41 179 370
42 197 370
43 160 369
44 190 369
45 278 369
46 284 369
47 290 369
48 353 367
49 333 366
50 182 365
51 256 364
52 322 364
53 94 363
54 230 362
55 235 361
56 101 360
57 124 360
58 222 360
59 243 360
60 305 360
61 340 360
62 66 359
63 106 359
64 117 359
65 197 359
66 247 359
67 20 358
68 50 358
69 144 358
70 212 358
71 311 358
72 355 358
73 8 357
74 58 357
75 136 357
76 190 357
77 200 357
78 206 357
79 14 356
80 26 356
81 184 356
82 260 356
83 267 356
84 32 355
85 41 355
86 73 355
87 170 355
88 295 355
89 323 355
90 80 354
91 128 354
92 149 354
93 156 354
94 162 354
95 286 354
96 329 354
97 177 353
98 343 353
99 214 352
100 222 350
101 234 350
102 251 350
103 272 350
104 278 350
105 228 349
106 313 349
107 84 348
108 106 348
109 169 347
110 90 346
111 162 346
112 185 346
113 190 346
114 199 346
115 204 346
116 242 346
117 332 346
118 347 346
119 354 346
120 62 345
121 141 345
122 179 345
123 214 345
124 48 344
125 135 344
126 146 344
127 152 344
128 54 343
129 234 343
130 297 343
131 41 342
132 111 342
133 254 342
134 261 342
135 115 341
136 171 341
137 206 341
138 301 341
139 30 340
140 127 340
141 192 340
142 245 340
143 283 340
144 66 339
145 95 339
146 216 339
147 221 339
148 288 339
149 319 339
150 13 338
151 23 338
152 121 338
153 335 338
154 71 337
155 225 337
156 6 336
157 153 336
158 160 336
159 236 336
160 309 336
161 246 335
162 174 334
163 180 334
164 197 334
165 253 334
166 261 334
167 352 334
168 131 333
169 136 333
170 143 333
171 163 333
172 183 333
173 207 333
174 228 333
175 266 333
176 272 333
177 323 332
178 341 332
179 79 331
180 98 330
181 189 330
182 238 330
183 83 329
184 199 329
185 122 328
186 167 328
187 212 328
188 31 327
189 230 327
190 254 327
191 49 326
192 217 326
193 244 326
194 298 326
195 115 325
196 145 325
197 311 325
198 330 325
199 354 325
200 10 324
201 37 324
202 109 324
203 205 324
204 258 324
205 263 324
206 269 324
207 274 324
208 55 323
209 68 323
210 87 323
211 150 323
212 221 323
213 247 323
214 285 323
215 19 322
216 181 322
217 189 322
218 100 321
219 136 321
220 174 321
221 236 321
222 343 321
223 123 320
224 155 320
225 169 320
226 197 320
227 277 320
228 128 319
229 230 319
230 320 319
231 335 319
232 301 318
233 287 317
234 116 316
235 206 316
236 222 316
237 248 316
238 38 315
239 57 315
240 159 315
241 189 315
242 212 315
243 240 315
244 109 314
245 252 314
246 258 314
247 263 314
248 269 314
249 198 313
250 310 313
251 20 312
252 88 312
253 103 312
254 276 312
255 7 311
256 180 311
257 233 311
258 345 311
259 353 311
260 66 310
261 74 310
262 137 310
263 26 309
264 43 309
265 214 309
266 226 309
267 279 309
268 290 309
269 323 309
270 240 308
271 219 307
272 283 307
273 126 306
274 202 306
275 244 306
276 266 306
277 114 305
278 170 305
279 249 305
280 92 304
281 108 304
282 255 304
283 260 304
284 270 304
285 297 304
286 332 304
287 142 303
288 189 303
289 206 303
290 9 302
291 56 302
292 77 302
293 232 302
294 311 302
295 46 301
296 100 301
297 289 301
298 118 300
299 160 300
300 226 300
301 31 299
302 192 299
303 274 299
304 282 299
305 219 298
306 353 298
307 179 297
308 212 297
309 301 297
310 321 297
311 24 296
312 151 296
313 234 296
314 240 296
315 247 296
316 335 296
317 13 295
318 80 295
319 92 295
320 261 295
321 266 295
322 345 295
323 62 294
324 252 294
325 290 294
326 99 292
327 203 292
328 274 292
329 283 292
330 294 292
331 34 291
332 195 291
333 311 291
334 255 290
335 66 289
336 103 289
337 126 289
338 220 289
339 226 289
340 267 289
341 277 288
342 45 287
343 51 287
344 243 287
345 324 287
346 91 286
347 212 286
348 233 286
349 238 286
350 298 286
351 82 285
352 115 285
353 165 285
354 284 285
355 334 285
356 38 284
357 137 284
358 206 284
359 248 284
360 258 284
361 351 284
362 290 283
363 10 282
364 106 282
365 267 282
366 301 282
367 313 281
368 69 280
369 94 280
370 178 280
371 225 280
372 261 280
373 271 280
374 15 279
375 21 279
376 277 279
377 340 279
378 219 278
379 250 278
380 84 277
381 184 277
382 281 277
383 293 277
384 53 276
385 195 276
386 240 276
387 303 276
388 96 275
389 167 275
390 211 275
391 286 275
392 125 274
393 149 274
394 229 274
395 322 274
396 26 273
397 233 273
398 253 273
399 353 273
400 73 272
401 141 272
402 295 272
403 58 271
404 87 271
405 260 271
406 265 271
407 270 271
408 328 271
409 113 270
410 243 270
411 314 270
412 100 269
413 343 269
414 40 268
415 201 268
416 274 268
417 286 268
418 301 268
419 306 268
420 104 267
421 184 267
422 279 267
423 32 266
424 218 266
425 253 266
426 77 265
427 91 265
428 235 265
429 294 265
430 333 265
431 212 264
432 245 264
433 62 263
434 128 263
435 287 263
436 150 262
437 12 261
438 44 261
439 83 261
440 190 261
441 222 261
442 259 261
443 265 261
444 352 261
445 316 260
446 4 259
447 169 259
448 270 259
449 278 259
450 306 259
451 320 259
452 344 259
453 18 258
454 67 258
455 203 258
456 227 258
457 250 258
458 295 258
459 300 258
460 91 257
461 110 257
462 237 257
463 76 256
464 117 256
465 288 256
466 334 256
467 49 255
468 243 255
469 156 254
470 280 254
471 308 254
472 324 254
473 83 253
474 99 253
475 253 253
476 193 252
477 260 252
478 270 252
479 353 252
480 92 251
481 132 251
482 176 251
483 22 250
484 29 250
485 263 249
486 291 249
487 300 249
488 344 249
489 67 248
490 227 248
491 282 248
492 296 248
493 336 248
494 74 247
495 208 247
496 244 247
497 273 247
498 53 246
499 182 246
500 307 246
501 326 246
502 33 245
503 83 245
504 137 245
505 213 245
506 236 245
507 252 245
508 120 244
509 311 244
510 8 243
511 266 243
512 284 243
513 317 243
514 97 242
515 161 242
516 199 242
517 230 242
518 275 242
519 352 242
520 75 241
521 91 241
522 143 241
523 217 241
524 300 241
525 245 240
526 255 240
527 38 239
528 84 239
529 104 239
530 165 239
531 344 239
532 57 238
533 260 238
534 287 238
535 293 238
536 326 238
537 109 237
538 151 237
539 171 237
540 189 237
541 237 237
542 335 237
543 356 237
544 267 236
545 276 236
546 304 236
547 63 235
548 122 235
549 181 235
550 220 234
551 309 234
552 317 234
553 12 233
554 247 233
555 279 233
556 75 232
557 127 232
558 297 232
559 41 231
560 94 231
561 67 230
562 83 230
563 88 230
564 173 230
565 198 230
566 204 230
567 251 230
568 268 230
569 326 230
570 18 229
571 112 229
572 190 229
573 209 229
574 226 229
575 239 229
576 259 229
577 284 229
578 290 229
579 345 229
580 336 228
581 358 228
582 24 227
583 133 227
584 308 227
585 319 227
586 46 226
587 300 226
588 139 225
589 163 225
590 212 225
591 218 225
592 231 225
593 270 225
594 350 225
595 75 224
596 97 224
597 275 224
598 312 224
599 328 224
600 102 223
601 155 223
602 252 223
603 260 223
604 293 223
605 179 222
606 5 221
607 67 221
608 116 221
609 123 221
610 146 221
611 243 221
612 278 221
613 53 220
614 88 220
615 167 220
616 173 220
617 283 220
618 337 220
619 28 219
620 221 219
621 301 219
622 78 218
623 107 218
624 187 218
625 192 218
626 198 218
627 236 218
628 58 217
629 263 217
630 286 217
631 357 217
632 126 216
633 294 216
634 314 216
635 341 216
636 8 215
637 202 215
638 252 215
639 306 215
640 319 215
641 328 215
642 131 214
643 245 214
644 257 214
645 267 214
646 347 214
647 35 213
648 70 213
649 81 213
650 91 213
651 210 213
652 156 212
653 41 211
654 270 211
655 275 211
656 299 211
657 14 210
658 96 210
659 224 210
660 287 210
661 135 209
662 62 208
663 84 208
664 279 208
665 306 208
666 330 208
667 357 208
668 72 207
669 159 207
670 236 207
671 291 207
672 320 207
673 350 207
674 24 206
675 102 206
676 109 206
677 115 205
678 165 205
679 175 205
680 259 205
681 312 205
682 337 205
683 44 204
684 141 204
685 201 204
686 213 204
687 242 204
688 248 204
689 254 204
690 75 203
691 298 203
692 341 203
693 29 202
694 87 202
695 227 202
696 50 201
697 264 201
698 270 201
699 282 201
700 322 201
701 13 200
702 121 200
703 277 200
704 291 200
705 303 200
706 329 200
707 4 199
708 34 199
709 62 199
710 91 199
711 188 199
712 357 199
713 79 198
714 182 198
715 312 198
716 145 196
717 306 196
718 53 195
719 256 195
720 283 195
721 348 195
722 16 194
723 65 194
724 164 194
725 230 194
726 294 194
727 341 194
728 41 193
729 70 193
730 215 193
731 238 193
732 244 193
733 250 193
734 268 193
735 315 193
736 93 192
737 155 192
738 331 192
739 21 191
740 81 191
741 128 191
742 261 191
743 287 191
744 297 191
745 319 191
746 358 191
747 5 190
748 34 190
749 169 190
750 273 190
751 85 189
752 198 188
753 324 188
754 26 187
755 44 187
756 54 187
757 73 187
758 96 187
759 133 187
760 204 187
761 276 187
762 307 187
763 103 186
764 253 186
765 300 186
766 348 186
767 219 185
768 332 185
769 8 184
770 109 184
771 117 184
772 229 184
773 262 184
774 280 184
775 245 183
776 288 183
777 13 182
778 58 182
779 186 182
780 236 182
781 310 182
782 337 182
783 63 181
784 87 181
785 266 181
786 291 181
787 357 181
788 140 180
789 255 180
790 314 180
791 35 179
792 45 179
793 74 179
794 79 179
795 18 178
796 29 178
797 154 178
798 169 178
799 298 178
800 303 178
801 67 177
802 91 177
803 174 177
804 207 177
805 220 177
806 270 177
807 280 177
808 318 177
809 348 177
810 50 176
811 145 176
812 160 176
813 238 176
814 246 176
815 340 176
816 22 175
817 323 175
818 96 174
819 292 174
820 37 173
821 227 173
822 259 173
823 254 172
824 273 172
825 328 172
826 357 172
827 8 171
828 81 171
829 127 171
830 284 171
831 307 171
832 54 170
833 248 170
834 263 170
835 58 169
836 116 169
837 301 169
838 331 169
839 349 169
840 41 168
841 69 168
842 74 168
843 86 168
844 100 168
845 195 168
846 231 168
847 278 168
848 311 168
849 62 167
850 179 167
851 188 167
852 239 167
853 339 167
854 12 166
855 24 166
856 106 166
857 207 166
858 217 166
859 292 166
860 317 166
861 46 165
862 92 165
863 358 165
864 29 164
865 264 164
866 285 164
867 130 163
868 155 163
869 161 163
870 170 163
871 269 163
872 16 162
873 253 162
874 321 162
875 295 161
876 331 161
877 341 161
878 75 160
879 84 160
880 147 160
881 220 160
882 232 160
883 241 160
884 300 160
885 348 160
886 33 159
887 135 159
888 246 159
889 277 159
890 304 159
891 309 159
892 94 158
893 226 158
894 256 158
895 273 158
896 361 158
897 4 157
898 50 157
899 60 157
900 66 157
901 77 157
902 117 157
903 139 157
904 196 157
905 209 157
906 287 157
907 38 156
908 163 156
909 313 156
910 323 156
911 355 156
912 43 155
913 87 155
914 97 155
915 103 155
916 109 155
917 19 154
918 54 154
919 260 154
920 266 154
921 280 154
922 333 154
923 24 152
924 151 152
925 169 152
926 233 152
927 340 152
928 347 152
929 11 151
930 155 151
931 177 151
932 247 151
933 291 151
934 6 150
935 186 150
936 315 150
937 326 150
938 67 149
939 77 149
940 118 149
941 199 149
942 213 149
943 296 149
944 303 149
945 237 148
946 251 148
947 283 148
948 28 147
949 271 147
950 359 147
951 58 146
952 83 146
953 88 146
954 206 146
955 218 146
956 307 146
957 319 146
958 44 145
959 159 145
960 224 145
961 256 145
962 264 145
963 33 144
964 39 144
965 70 144
966 93 144
967 140 144
968 275 144
969 331 144
970 349 144
971 50 143
972 100 143
973 106 143
974 121 143
975 239 143
976 13 142
977 286 142
978 338 142
979 19 141
980 228 141
981 297 141
982 342 141
983 60 140
984 164 140
985 175 140
986 186 140
987 291 140
988 309 140
989 323 140
990 75 139
991 126 139
992 168 139
993 244 139
994 279 139
995 351 139
996 360 139
997 180 138
998 257 138
999 4 137
1000 129 137
1001 249 137
1002 266 137
1003 302 137
1004 314 137
1005 23 136
1006 53 136
1007 92 136
1008 108 136
1009 148 136
1010 63 135
1011 84 135
1012 141 135
1013 231 135
1014 328 135
1015 68 134
1016 192 134
1017 206 134
1018 270 134
1019 40 133
1020 45 133
1021 77 133
1022 100 133
1023 154 133
1024 213 133
1025 235 133
1026 259 133
1027 27 132
1028 33 132
1029 281 132
1030 293 132
1031 11 131
1032 218 131
1033 306 131
1034 319 131
1035 352 131
1036 6 130
1037 94 130
1038 111 130
1039 274 130
1040 286 130
1041 315 130
1042 332 130
1043 341 130
1044 359 130
1045 239 129
1046 250 129
1047 299 129
1048 196 128
1049 223 128
1050 15 127
1051 55 127
1052 86 127
1053 167 127
1054 243 127
1055 50 126
1056 82 126
1057 102 126
1058 260 126
1059 345 126
1060 70 125
1061 265 125
1062 307 125
1063 324 125
1064 64 124
1065 129 124
1066 157 124
1067 253 124
1068 290 124
1069 18 123
1070 75 123
1071 113 123
1072 172 123
1073 182 123
1074 276 123
1075 333 123
1076 32 122
1077 43 122
1078 177 122
1079 201 122
1080 227 122
1081 318 122
1082 25 121
1083 57 121
1084 94 121
1085 104 121
1086 283 121
1087 294 121
1088 300 121
1089 359 121
1090 89 120
1091 118 120
1092 148 120
1093 206 120
1094 268 120
1095 349 120
1096 140 119
1097 212 119
1098 231 119
1099 244 119
1100 310 119
1101 36 118
1102 218 118
1103 326 118
1104 6 117
1105 186 117
1106 336 117
1107 236 116
1108 255 116
1109 277 116
1110 81 115
1111 107 115
1112 131 115
1113 159 115
1114 249 115
1115 259 115
1116 302 115
1117 351 115
1118 95 114
1119 120 114
1120 191 114
1121 270 114
1122 285 114
1123 341 114
1124 16 113
1125 62 113
1126 67 113
1127 74 113
1128 318 113
1129 358 113
1130 10 112
1131 46 112
1132 221 112
1133 291 112
1134 311 112
1135 55 111
1136 99 111
1137 112 111
1138 263 111
1139 22 110
1140 241 110
1141 295 110
1142 327 110
1143 86 109
1144 122 109
1145 226 109
1146 277 109
1147 304 109
1148 36 108
1149 195 108
1150 203 108
1151 208 108
1152 28 107
1153 213 107
1154 234 107
1155 319 107
1156 78 106
1157 104 106
1158 164 106
1159 174 106
1160 178 105
1161 247 105
1162 253 105
1163 269 105
1164 284 105
1165 331 105
1166 359 105
1167 90 104
1168 114 104
1169 127 104
1170 312 104
1171 340 104
1172 345 104
1173 45 103
1174 65 103
1175 71 103
1176 135 103
1177 146 103
1178 262 103
1179 278 103
1180 296 103
1181 350 103
1182 183 102
1183 227 102
1184 240 102
1185 257 102
1186 306 102
1187 13 101
1188 38 101
1189 58 101
1190 96 101
1191 107 101
1192 139 101
1193 218 101
1194 288 101
1195 7 100
1196 20 100
1197 52 100
1198 154 100
1199 320 100
1200 82 99
1201 119 99
1202 187 99
1203 194 99
1204 299 99
1205 323 99
1206 78 98
1207 269 98
1208 331 98
1209 29 97
1210 127 97
1211 211 97
1212 232 97
1213 198 96
1214 203 96
1215 87 95
1216 111 95
1217 164 95
1218 247 95
1219 261 95
1220 279 95
1221 312 95
1222 358 95
1223 70 94
1224 97 94
1225 219 94
1226 240 94
1227 289 94
1228 351 94
1229 21 93
1230 272 93
1231 41 92
1232 60 92
1233 252 92
1234 302 92
1235 335 92
1236 89 91
1237 103 91
1238 120 91
1239 129 91
1240 140 91
1241 145 91
1242 156 91
1243 169 91
1244 175 91
1245 224 91
1246 282 91
1247 343 91
1248 10 90
1249 115 90
1250 293 90
1251 322 90
1252 31 89
1253 133 89
1254 182 89
1255 188 89
1256 232 89
1257 305 89
1258 327 89
1259 204 88
1260 210 88
1261 263 88
1262 314 88
1263 360 88
1264 50 87
1265 62 87
1266 78 87
1267 148 87
1268 44 86
1269 72 86
1270 94 86
1271 108 86
1272 255 86
1273 196 85
1274 238 85
1275 243 85
1276 272 85
1277 285 85
1278 295 85
1279 14 84
1280 22 84
1281 122 84
1282 158 84
1283 214 84
1284 308 84
1285 350 84
1286 98 83
1287 190 83
1288 223 83
1289 265 83
1290 335 83
1291 65 82
1292 82 82
1293 173 82
1294 248 82
1295 328 82
1296 343 82
1297 3 81
1298 33 81
1299 86 81
1300 166 81
1301 277 81
1302 316 81
1303 112 80
1304 132 80
1305 149 80
1306 161 80
1307 288 80
1308 298 80
1309 125 79
1310 139 79
1311 180 79
1312 230 79
1313 320 79
1314 352 79
1315 51 78
1316 100 78
1317 200 78
1318 216 78
1319 226 78
1320 255 78
1321 114 77
1322 205 77
1323 359 77
1324 71 76
1325 104 76
1326 267 76
1327 302 76
1328 308 76
1329 24 75
1330 90 75
1331 192 75
1332 280 75
1333 335 75
1334 6 74
1335 151 74
1336 173 74
1337 238 74
1338 259 74
1339 290 74
1340 328 74
1341 12 73
1342 34 73
1343 40 73
1344 55 73
1345 74 73
1346 141 73
1347 183 73
1348 272 73
1349 64 72
1350 117 72
1351 132 72
1352 208 72
1353 232 72
1354 244 72
1355 321 72
1356 341 72
1357 82 71
1358 123 70
1359 166 70
1360 217 70
1361 283 70
1362 293 70
1363 310 70
1364 15 69
1365 92 69
1366 249 69
1367 314 69
1368 350 69
1369 105 68
1370 154 68
1371 358 68
1372 43 67
1373 143 67
1374 196 67
1375 265 67
1376 301 67
1377 75 66
1378 97 66
1379 185 66
1380 191 66
1381 259 66
1382 273 66
1383 296 66
1384 343 66
1385 24 65
1386 83 65
1387 109 65
1388 133 65
1389 222 65
1390 328 65
1391 333 65
1392 125 64
1393 173 64
1394 201 64
1395 208 64
1396 252 64
1397 321 64
1398 55 63
1399 116 63
1400 157 63
1401 285 63
1402 47 62
1403 66 62
1404 146 62
1405 238 61
1406 278 61
1407 302 61
1408 359 61
1409 16 60
1410 32 60
1411 87 60
1412 136 60
1413 229 60
1414 312 60
1415 350 60
1416 58 59
1417 213 59
1418 265 59
1419 96 58
1420 176 58
1421 272 58
1422 288 58
1423 333 58
1424 7 57
1425 75 57
1426 100 57
1427 242 57
1428 305 57
1429 342 57
1430 24 56
1431 106 56
1432 117 56
1433 125 56
1434 149 56
1435 161 56
1436 316 56
1437 322 56
1438 78 55
1439 89 55
1440 110 55
1441 220 55
1442 257 55
1443 294 55
1444 335 55
1445 36 54
1446 67 54
1447 140 53
1448 153 53
1449 190 53
1450 249 53
1451 280 53
1452 326 53
1453 128 52
1454 136 52
1455 198 52
1456 204 52
1457 44 51
1458 182 51
1459 229 51
1460 350 51
1461 358 51
1462 263 50
1463 273 50
1464 286 50
1465 298 50
1466 58 49
1467 80 49
1468 307 49
1469 9 48
1470 15 48
1471 115 48
1472 163 48
1473 210 48
1474 340 48
1475 26 47
1476 49 47
1477 88 46
1478 93 46
1479 98 46
1480 120 46
1481 142 46
1482 290 46
1483 312 46
1484 317 46
1485 331 46
1486 108 45
1487 156 45
1488 220 45
1489 238 45
1490 254 45
1491 265 45
1492 325 45
1493 34 44
1494 67 44
1495 232 44
1496 278 44
1497 300 44
1498 359 44
1499 72 43
1500 101 43
1501 128 43
1502 149 43
1503 171 43
1504 343 43
1505 351 43
1506 60 42
1507 80 42
1508 213 42
1509 246 42
1510 334 41
1511 16 40
1512 132 40
1513 187 40
1514 269 40
1515 282 40
1516 40 39
1517 121 39
1518 162 39
1519 291 39
1520 26 38
1521 48 38
1522 110 38
1523 142 38
1524 195 38
1525 303 38
1526 317 38
1527 52 37
1528 135 37
1529 200 37
1530 360 37
1531 5 36
1532 255 36
1533 323 36
1534 337 36
1535 344 36
1536 18 35
1537 32 35
1538 71 35
1539 83 35
1540 88 35
1541 103 35
1542 176 35
1543 308 35
1544 327 35
1545 352 35
1546 93 34
1547 113 34
1548 271 34
1549 295 34
1550 76 33
1551 260 33
1552 57 32
1553 62 32
1554 149 32
1555 219 32
1556 282 32
1557 8 31
1558 96 31
1559 122 31
1560 274 31
1561 38 30
1562 235 30
1563 330 30
1564 286 29
1565 314 29
1566 345 29
1567 361 29
1568 22 28
1569 243 28
1570 309 28
1571 42 27
1572 114 27
1573 128 27
1574 140 27
1575 165 27
1576 225 27
1577 262 27
1578 300 27
1579 338 27
1580 354 27
1581 30 26
1582 47 26
1583 101 26
1584 135 26
1585 201 26
1586 334 26
1587 14 25
1588 67 25
1589 106 25
1590 181 25
1591 208 25
1592 293 25
1593 320 25
1594 347 25
1595 62 24
1596 74 24
1597 80 24
1598 7 23
1599 85 23
1600 120 23
1601 156 23
1602 273 22
1603 22 21
1604 49 21
1605 54 21
1606 93 21
1607 148 21
1608 265 21
1609 277 21
1610 285 21
1611 323 21
1612 171 20
1613 246 20
1614 313 20
1615 360 20
1616 32 19
1617 188 19
1618 301 19
1619 87 18
1620 339 18
1621 350 18
1622 111 17
1623 326 17
1624 12 16
1625 66 16
1626 105 16
1627 294 16
1628 306 16
1629 333 16
1630 36 15
1631 98 15
1632 250 15
1633 288 15
1634 23 14
1635 71 14
1636 120 14
1637 343 14
1638 353 14
1639 5 13
1640 59 13
1641 78 13
1642 209 13
1643 16 12
1644 54 12
1645 224 12
1646 230 12
1647 276 12
1648 313 12
1649 359 12
1650 41 11
1651 90 11
1652 124 11
1653 254 11
1654 266 11
1655 112 10
1656 135 10
1657 281 10
1658 318 10
1659 26 9
1660 46 9
1661 258 9
1662 190 8
1663 215 8
1664 298 8
1665 324 8
1666 82 7
1667 175 7
1668 333 7
1669 344 7
1670 361 7
1671 31 6
1672 61 6
1673 66 6
1674 97 6
1675 269 6
1676 304 6
1677 70 5
1678 75 5
1679 104 5
1680 156 5
1681 232 5
1682 350 5
1683 5 4
1684 91 4
1685 287 4
1686 338 4
1687 194 3
1688 10 2
1689 16 2
1690 309 2
1691 34 1
1692 46 1
1693 52 1
1694 315 1
1695 326 1
1696 84 0
1697 139 0
1698 146 0
1699 274 0
1700 280 0
1701 353 0