1 267.649 364.379
2 258.704 7.87968
3 34.8423 216.696
4 87.987 414.599
5 231.837 441.676
6 241.14 105.876
7 60.8337 347.887
8 33.9448 421.16
9 251.018 1.68017
10 132.244 24.1227
11 241.558 249.924
12 175.367 197.983
13 36.4582 385.252
14 156.649 155.499
15 111.884 221.51
16 146.673 255.021
17 155.753 285.296
18 151.158 273.606
19 28.0315 333.318
20 25.2844 408.387
21 4.03351 335.504
22 67.66 20.2334
23 109.765 374.689
24 167.739 7.64246
25 195.418 154.728
26 267.345 380.768
27 62.0833 12.5053
28 122.419 293.223
29 155.911 168.951
30 220.632 346.827
31 177.571 79.3646
32 18.9273 310.08
33 159.465 192.393
34 91.8424 7.86514
35 65.2512 444.094
36 138.801 284.146
37 69.0421 191.711
38 128.492 335.355
39 173.444 6.91961
40 232.801 219.539
41 231.311 284.423
42 63.3088 325.522
43 18.2704 392.58
44 186.232 59.6576
45 207.132 155.691
46 208.278 259.712
47 105.157 130.268
48 217.359 412.673
49 40.7188 346.625
50 69.9226 60.4318
51 27.3238 353.993
52 102.486 443.907
53 116.686 350.3
54 193.86 382.702
55 102.218 95.5116
56 261.794 402.346
57 114.285 138.633
58 166.817 355.889
59 77.0417 423.273
60 102.255 168.277
61 277.375 10.9487
62 159.457 87.2367
63 70.2313 341.622
64 141.195 437.799
65 235.482 444.624
66 29.0594 261.71
67 85.0797 167.166
68 222.368 334.767
69 58.2076 329.741
70 114.946 295.591
71 159.957 172.591
72 27.1676 235.038
73 89.6344 31.6224
74 61.7114 100.831
75 81.3216 375.027
76 19.1917 339.574
77 217.1 395.409
78 264.905 289.98
79 171.53 374.786
80 3.29952 296.12
81 94.4843 229.804
82 152.719 414.928
83 9.66757 240.459
84 86.8095 216.803
85 199.005 360.538
86 124.349 108.865
87 291.008 315.274
88 289.967 378.309
89 1.7016 237.509
90 36.3985 308.294
91 58.2753 165.577
92 262.455 284.029
93 36.722 322.57
94 161.979 389.52
95 266.046 40.1929
96 286.684 337.013
97 210.07 77.0538
98 175.906 153.289
99 64.25 188.737
100 124.272 284.839
101 111.255 318.104
102 55.8101 244.102
103 275.005 31.7527
104 137.666 337.682
105 163.898 350.437
106 133.816 383.122
107 32.7016 43.1514
108 7.46409 93.6339
109 280.26 262.862
110 206.738 16.312
111 158.906 243.614
112 100.276 9.27751
113 44.8763 51.541
114 233.079 231.458
115 36.2517 132.073
116 276.246 179.739
117 27.5417 384.978
118 43.0864 11.6008
119 208.487 10.8337
120 81.1116 224.53
121 20.0108 236.675
122 2.91453 54.2475
123 109.163 158.675
124 161.444 299.08
125 186.713 324.436
126 277.882 94.7606
127 127.093 279.941
128 96.2048 13.1687
129 76.6521 387.33
130 246.933 230.715
131 2.63848 432.117
132 40.74 362.291
133 117.955 97.5656
134 72.6341 139.193
135 2.72954 162.863
136 210.069 167.626
137 279.506 375.601
138 224.913 153.549
139 86.8925 293.337
140 270.177 79.2556
141 296.223 290.155
142 37.3469 27.7004
143 268.761 144.771
144 259.971 125.295
145 80.1912 96.439
146 8.22166 190.466
147 156.071 425.509
148 171.809 426.672
149 17.1789 98.7933
150 264.612 302.726
151 126.941 164.91
152 1.75918 440.675
153 84.7067 369.451
154 200.738 31.1678
155 188.707 417.352
156 125.338 406.173
157 288.69 180.324
158 31.7542 22.7001
159 240.679 327.96
160 31.4291 238.31
161 230.254 141.261
162 53.2202 213.059
163 202.019 333.953
164 106.209 408.67
165 257.345 2.28584
166 46.0157 43.7795
167 263.173 257.083
168 114.459 357.434
169 193.089 40.0784
170 237.198 293.558
171 231.453 190.507
172 24.1098 220.401
173 178.985 418.684
174 238.092 244.403
175 230.149 269.525
176 41.0747 327.861
177 248.367 418.086
178 171.929 148.397
179 196.223 379.156
180 140.057 51.0372
181 287.138 139.559
182 238.199 231.749
183 282.999 384.776
184 219.97 184.505
185 23.8906 268.646
186 241.429 177.892
187 285.878 228.847
188 96.9523 444.119
189 260.008 321.521
190 138 126.541
191 190.636 181.089
192 235.365 130.263
193 60.9931 314.8
194 65.1035 304.62
195 226.265 22.775
196 241.036 24.1373
197 133.546 202.806
198 196.093 256.579
199 92.2262 43.2418
200 98.6437 60.3537
201 133.609 121.455
202 258.823 277.857
203 181.577 332.933
204 288.944 351.872
205 277.62 279.231
206 62.0562 258.71
207 126.287 296.903
208 35.1491 171.225
209 158.657 371.02
210 162.704 406.142
211 121.542 279.455
212 166.174 331.63
213 116.023 280.448
214 247.296 206.109
215 264.936 207.135
216 89.1855 121.459
217 29.1919 187.288
218 268.256 203.482
219 19.2056 21.1273
220 282.578 187.275
221 77.2615 273.561
222 183.851 245.726
223 213.414 271.212
224 160.373 159.089
225 187.717 20.0333
226 83.6925 297.515
227 58.1328 93.7561
228 204.277 128.973
229 27.8142 373.186
230 152.166 151.011
231 63.9624 352.879
232 137.934 377.003
233 218.611 379.199
234 32.7247 382.665
235 99.6992 233.347
236 232.743 426.306
237 254.009 378.319
238 184.483 29.0186
239 43.2927 296.694
240 182.599 439.711
241 21.7211 283.294
242 14.6237 9.46117
243 181.374 281.955
244 177.527 337.198
245 84.1877 243.456
246 212.87 100.03
247 204.861 170.002
248 191.905 108.312
249 282.778 439.551
250 184.473 156.749
251 86.6016 39.724
252 185.714 359.671
253 255.884 383.339
254 295.91 232.332
255 16.5196 402.663
256 28.1586 9.18692
257 191.494 331.92
258 280.228 307.047
259 182.052 356.661
260 192.623 261.701
261 102.678 206.768
262 95.3978 404.003
263 112.933 52.3947
264 236.866 390.66
265 173.606 334.978
266 112.949 75.9296
267 275.712 168.227
268 64.6275 68.2858
269 126.168 370.807
270 108.982 398.193
271 268.532 430.379
272 236.104 287.958
273 32.4549 107.107
274 38.132 248.203
275 33.6938 354.917
276 206.454 426.151
277 134.782 3.66593
278 83.4601 34.4197
279 26.1477 363.612
280 22.0802 368.595
281 78.1585 289.292
282 291.29 288.191
283 130.018 407.2
284 42.9344 273.438
285 154.806 27.98
286 58.7038 132.36
287 210.052 321.268
288 138.719 230.568
289 197.554 409.722
290 166.601 64.7399
291 154.152 233.02
292 180.644 108.322
293 274.492 389.219
294 155.946 261.211
295 99.812 438.321
296 182.431 288.373
297 101.551 432.218
298 205.053 178.612
299 7.07886 367.763
300 24.9289 79.1004
301 58.0405 35.8015
302 229.861 356.215
303 297.115 206.591
304 232.771 31.0176
305 195.268 273.826
306 150.876 326.576
307 130.887 433.473
308 97.3121 428.954
309 256.218 86.5389
310 252.035 211.334
311 82.5453 318.307
312 77.7376 399.221
313 128.699 157.13
314 243.471 271.237
315 235.583 137.269
316 16.8194 413.024
317 197.638 25.3003
318 68.1418 374.378
319 281.204 288.958
320 100.085 360.825
321 187.628 287.469
322 237.039 78.3069
323 60.3138 391.309
324 250.447 166.017
325 212.367 304.602
326 26.767 225.041
327 17.9199 77.5085
328 52.4002 178.008
329 264.576 222.213
330 230.235 9.13306
331 176.624 120.681
332 207.549 336.744
333 80.8939 112.702
334 146.672 392.997
335 16.5387 438.07
336 162.878 334.995
337 46.1904 16.8557
338 68.6212 289.263
339 212.623 204.678
340 111.342 282.824
341 100.526 217.202
342 165.489 274.35
343 151.418 251.251
344 2.7989 319.658
345 140.332 393.902
346 296.497 10.4442
347 175.019 353.191
348 126.706 58.2256
349 117.262 10.9204
350 268.888 314.93
351 2.57665 313.858
352 253.83 179.834
353 51.3785 139.978
354 265.105 320.148
355 271.575 12.8912
356 81.2315 135.609
357 22.3976 232.921
358 125.043 128.345
359 76.5224 293.513
360 252.141 92.0821
361 36.5512 260.198
362 151.095 88.4322
363 168.026 416.639
364 163.19 10.7564
365 262.956 176.819
366 296.818 160.15
367 235.584 302.677
368 263.623 408.051
369 61.8299 147.355
370 106.241 243.947
371 120.357 297.56
372 202.173 423.062
373 114.049 413.746
374 19.8533 212.146
375 75.2006 300.989
376 275.853 444.153
377 256.758 110.172
378 180.186 303.203
379 216.638 33.4205
380 12.5286 379.572
381 215.476 80.8856
382 49.4417 9.79874
383 260.268 119.772
384 220.366 159.213
385 2.7405 379.2
386 92.6627 132.943
387 59.6841 293.617
388 217.037 107.436
389 246.185 225.579
390 31.7788 50.4382
391 283.621 253.207
392 171.36 329.582
393 214.308 170.774
394 262.007 89.0165
395 272.694 91.2249
396 161.822 153.612
397 241.064 12.6562
398 161.609 325.94
399 201.296 319.835
400 253.703 230.533
401 139.686 261.79
402 156.183 70.5675
403 18.4698 378.218
404 77.5812 3.1569
405 280.462 28.481
406 223.773 84.4127
407 76.7892 88.0209
408 105.958 137.316
409 296.024 273.888
410 99.6671 366.278
411 81.073 251.227
412 285.674 174.446
413 83.7364 307.074
414 147.43 269.367
415 245.468 2.55746
416 290.404 108.188
417 94.6844 176.64
418 152.914 331.756
419 61.9263 371.763
420 85.0426 313.037
421 47.0123 444.368
422 188.312 403.026
423 193.157 207.451
424 123.403 444.413
425 125.912 357.591
426 8.5048 197.666
427 186.933 443.736
428 297.059 444.188
429 33.8889 377.839
430 170.27 2.19905
431 147.99 43.5793
432 109.866 331.761
433 195.303 328.814
434 100.274 270.553
435 30.6313 344.682
436 234.593 13.462
437 52.9593 206.971
438 290.236 209.099
439 24.9282 357.961
440 32.8859 246.401
441 53.7436 272.697
442 69.0149 222.692
443 259.555 334.863
444 245.692 363.658
445 258.784 238.822
446 27.5302 316.122
447 162.971 24.2021
448 106.166 249.799
449 181.06 407.704
450 268.26 196.477
451 83.9378 227.771
452 223.772 70.3023
453 168.496 96.5208
454 212.412 7.43719
455 77.6065 316.006
456 112.658 444.299
457 150.475 337.232
458 250.959 430.444
459 119.89 184.219
460 104.974 351.873
461 237.628 201.835
462 53.7367 295.244
463 37.6511 276.555
464 69.904 311.714
465 156.365 336.269
466 68.6252 404.761
467 110.574 260.429
468 288.254 203.54
469 156.924 21.2567
470 173.01 41.0868
471 89.2349 357.475
472 31.0964 408.391
473 3.48245 396.818
474 64.6256 182.556
475 236.841 379.643
476 26.7857 340.056
477 223.903 395.849
478 163.873 167.526
479 55.9594 137.334
480 217.186 179.953
481 295.664 113.098
482 241.506 126.777
483 144.563 274.532
484 202.858 288.056
485 139.75 143.661
486 146.246 140.945
487 291.305 25.6756
488 104.87 84.7816
489 66.4703 142.634
490 124.781 169.348
491 57.787 280.319
492 226.958 385.905
493 122.872 63.118
494 257.2 257.055
495 198.366 49.8101
496 216.822 277.794
497 277.594 102.013
498 59.3074 340.911
499 56.175 323.956
500 174.071 349.058
501 286.863 291.877
502 55.5301 290.099
503 266.401 384.66
504 250.002 234.185
505 128.66 215.687
506 172.914 293.341
507 296.426 434.473
508 273.577 49.0871
509 188.99 122.146
510 183.995 308.765
511 242.695 143.988
512 2.57239 200.167
513 206.983 160.204
514 93.0971 283.762
515 173.267 26.3605
516 277.741 153.834
517 157.826 15.0845
518 265.563 433.596
519 231.346 83.9642
520 37.6016 234.771
521 177.079 322.006
522 106.444 9.28286
523 189.104 428.759
524 23.0052 403.165
525 63.518 206.823
526 190.715 189.078
527 36.1863 271.638
528 100.922 174.982
529 115.903 257.572
530 189.245 242.544
531 222.784 382.501
532 158.919 178.62
533 205.138 61.5724
534 54.7407 144.456
535 53.4676 341.702
536 190.254 219.01
537 110.503 324.447
538 259.96 366.801
539 17.4165 121.034
540 153.493 305.786
541 41.3814 444.506
542 228.267 36.9925
543 15.9887 333.949
544 134.775 257.45
545 185.426 375.291
546 278.041 211.145
547 112.178 101.628
548 23.2447 437.176
549 159.24 308.83
550 63.0387 279.518
551 92.0473 58.9082
552 78.9435 213.548
553 170.601 142.812
554 136.701 344.09
555 172.153 253.347
556 148.07 116.975
557 92.1544 390.168
558 218.612 113.38
559 140.413 75.9772
560 55.4745 359.041
561 196.167 388.404
562 44.484 399.019
563 213.087 219.151
564 9.07713 324.67
565 22.3615 125.37
566 210.677 225.624
567 37.903 255.075
568 147.925 304.34
569 239.222 421.191
570 209.68 191.896
571 198.149 437.744
572 209.18 442.078
573 118.866 419.199
574 284.211 134.923
575 257.499 374.62
576 16.0662 27.739
577 71.9525 92.4833
578 64.3205 344.109
579 189.404 27.1552
580 43.0305 126.044
581 96.6413 294.808
582 161.518 75.3681
583 53.8389 391.337
584 106.275 172.394
585 229.67 177.575
586 261.568 371.989
587 181.701 324.772
588 243.317 380.794
589 239.96 30.9938
590 115.558 321.619
591 169.225 371.304
592 136.399 194.385
593 39.4825 428.761
594 265.18 126.271
595 91.7943 294.005
596 119.9 53.0166
597 233.991 151.139
598 286.651 220.381
599 186.823 185.171
600 59.5972 275.53
601 73.3913 67.8405
602 209.748 151.614
603 276.882 148.398
604 190.128 271.253
605 197.463 13.6838
606 295.792 352.891
607 42.6644 315.888
608 64.1068 387.457
609 177.651 402.347
610 216.738 119.839
611 149.617 224.31
612 202.664 440.38
613 141.467 57.2468
614 204.263 298.753
615 243.686 261.099
616 62.1708 359.221
617 216.255 288.663
618 201.876 115.89
619 16.2393 177.871
620 139.793 272.151
621 107.467 444.721
622 147.885 431.029
623 266.73 359.809
624 194.929 311.894
625 104.281 182.092
626 288.818 196.487
627 113.089 429.578
628 212.441 407.823
629 124.484 207.392
630 19.1157 173.309
631 6.79659 309.296
632 201.449 294.372
633 50.4423 381.778
634 197.414 164.33
635 99.3139 290.84
636 112.05 311.598
637 164.593 310.464
638 255.644 351.963
639 60.4969 245.432
640 202.958 338.35
641 73.8517 402.171
642 205.72 316.349
643 147.479 412.727
644 288.196 393.633
645 98.7175 180.642
646 190.723 2.55774
647 48.0041 251.426
648 54.3287 114.647
649 114.282 196.492
650 176.561 432.395
651 185.907 104.549
652 187.91 316.787
653 228.017 425.318
654 296.94 145.944
655 170.611 165.935
656 162.031 376.594
657 65.1601 2.32999
658 128.233 341.96
659 60.3904 288.116
660 226.22 102.305
661 237.791 219.776
662 48.3367 363.668
663 24.2869 119.487
664 223.186 51.3163
665 12.1314 352.553
666 204.58 6.51677
667 112.976 163.803
668 84.3929 185.739
669 78.0308 197.82
670 126.43 13.22
671 36.2017 127.085
672 238.387 366.128
673 134.393 274.054
674 288.732 144.317
675 25.1028 183.774
676 94.0625 272.753
677 43.7551 285.8
678 230.079 235.52
679 280.726 389.523
680 232.684 409.339
681 29.4032 220.011
682 126.377 253.426
683 296.062 168.262
684 296.05 363.22
685 119.348 284.644
686 69.728 398.373
687 24.079 421.312
688 242.9 189.036
689 100.595 318.304
690 292.099 338.301
691 30.5017 120.48
692 267.226 161.873
693 235.755 227.9
694 162.059 54.3387
695 3.46499 118.766
696 273.835 299.392
697 86.7137 250.68
698 215.367 357.683
699 291.21 295.031
700 3.0839 325.273
701 84.6119 88.4309
702 222.239 413.148
703 73.8139 436.561
704 255.466 116.975
705 214.032 308.792
706 1.52479 427.599
707 78.6541 327.696
708 202.87 304.598
709 259.971 145.72
710 153.277 188.354
711 17.54 55.9257
712 82.3792 58.6769
713 39.6212 366.986
714 10.6794 428.131
715 189.408 33.956
716 173.804 361.203
717 295.353 42.657
718 124.391 398.191
719 220.95 27.6542
720 282.164 61.3794
721 76.9825 228.37
722 160.12 422.975
723 287.383 427.97
724 290.153 122.616
725 7.37009 157.568
726 43.6985 234.196
727 295.27 348.106
728 130.649 17.3769
729 77.9727 140.847
730 18.3348 366.255
731 82.0633 288.416
732 45.9004 428.502
733 193.335 95.0611
734 135.228 180.492
735 244.027 420.655
736 13.4756 172.48
737 250.811 243.001
738 278.144 416.098
739 249.442 381.351
740 169.574 248.492
741 46.1327 386.142
742 211.017 373.489
743 146.855 348.845
744 218.449 218.795
745 215.238 144.848
746 250.379 422.302
747 175.201 365.502
748 164.337 344.788
749 130.393 137.542
750 229.922 200.689
751 220.243 190.335
752 223.047 177.215
753 290.841 190.713
754 188.14 139.23
755 245.154 120.752
756 182.085 162.867
757 285.188 124.348
758 122.172 173.501
759 67.6482 203.078
760 272.195 111.583
761 283.456 207.98
762 166.34 150.761
763 206.456 164.549
764 162.755 363.459
765 224.37 261.175
766 153.647 95.5025
767 145.769 49.3592
768 210.958 178.386
769 285.138 358.896
770 5.75582 65.3772
771 43.874 73.2358
772 270.557 289.728
773 198.599 145.651
774 283.786 372.879
775 246.376 185.907
776 252.543 254.476
777 132.416 323.739
778 189.775 296.874
779 289.614 13.2964
780 199.311 83.9809
781 218.789 307.971
782 20.373 252.176
783 14.3359 145.704
784 84.6849 28.5286
785 67.3667 417.361
786 289.835 63.8129
787 207.472 237.026
788 215.772 319.8
789 109.628 143.177
790 133.718 262.893
791 73.6209 325.158
792 211.752 427.524
793 9.98315 393.14
794 169.477 21.4568
795 35.6926 241.501
796 31.5118 323.626
797 19.9933 417.477
798 99.5678 101.48
799 271.21 320.582
800 163.041 267.509
801 98.7614 228.445
802 63.4952 298.057
803 258.602 68.887
804 171.256 435.928
805 148.566 277.988
806 7.86335 362.166
807 26.4547 253.381
808 295.962 284.511
809 252.013 300.049
810 266.161 93.7864
811 83.618 141.645
812 226.087 299.754
813 37.162 433.82
814 142.424 180.099
815 132.224 130.384
816 207.417 201.543
817 134.689 420.631
818 120.429 325.762
819 135.65 397.688
820 13.8925 202.191
821 222.576 425.174
822 2.1966 301.327
823 195.401 88.9045
824 254.758 273.159
825 127.899 264.354
826 226.035 350.273
827 271.979 413.114
828 60.737 396.503
829 9.17921 28.7231
830 53.005 162.65
831 119.694 360.207
832 32.1281 251.387
833 2.82842 372.657
834 174.098 205.503
835 281.878 336.967
836 156.82 106.363
837 142.146 387.711
838 295.974 305.658
839 255.166 128.865
840 2.45474 403.206
841 246.147 210.805
842 11.7379 97.2066
843 171.541 184.712
844 133.797 409.691
845 281.401 411.602
846 290.846 308.412
847 242.196 426.668
848 235.672 343.743
849 120.785 90.023
850 9.20132 331.527
851 265.261 74.3326
852 246.509 265.888
853 198.089 37.5854
854 116.636 69.0032
855 286.382 409.408
856 246.788 107.445
857 285.23 365.252
858 247.456 252.766
859 95.1465 236.291
860 110.059 288.61
861 30.67 443.93
862 189.871 358.098
863 59.1055 253.909
864 64.9816 284.446
865 58.7103 426.298
866 24.4862 345.288
867 62.9092 23.9823
868 218.197 96.2245
869 36.9115 157.287
870 210.194 368.044
871 252.558 443.59
872 207.871 302.494
873 52.3471 131.869
874 222.717 128.417
875 294.077 217.285
876 129.045 301.876
877 14.3468 151.41
878 111.887 170.422
879 56.1742 184.036
880 257.923 299.48
881 129.253 420.896
882 124.976 180.434
883 95.3055 364.447
884 7.57224 376.285
885 35.2668 395.251
886 174.826 396.567
887 70.4863 156.689
888 8.91159 14.8296
889 164.342 411.095
890 170.048 14.0587
891 47.2349 328.108
892 38.6422 400.594
893 290.237 234.54
894 224.195 212.017
895 181.222 390.908
896 280.41 312.186
897 202.443 2.21699
898 201.586 123.027
899 17.0514 160.856
900 156.156 444.634
901 18.9651 373.347
902 51.3569 53.0483
903 81.2448 267.828
904 249.836 354.618
905 127.321 429.616
906 247.298 346.081
907 27.8118 304.245
908 202.353 11.6565
909 283.282 98.1245
910 81.1971 438.988
911 87.2917 54.1027
912 11.1863 303.918
913 175.973 408.468
914 10.4653 217.157
915 2.66856 60.6363
916 111.999 271.237
917 186.359 226.581
918 8.37107 183.782
919 201.698 166.204
920 2.67088 255.074
921 292.866 372.745
922 24.3641 59.2055
923 58.371 407.071
924 240.358 408.827
925 143.056 15.8936
926 291.789 137.926
927 167.525 218.335
928 72.7933 319.064
929 169.472 74.4435
930 157.215 354.419
931 46.842 130.262
932 9.76066 79.9189
933 296.572 439.355
934 279.913 2.11035
935 145.348 187.265
936 146.996 55.6153
937 169.726 59.624
938 222.757 278.275
939 224.193 294.679
940 153.217 440.032
941 213.909 444.12
942 252.218 221.043
943 142.847 404.466
944 85.5283 329.235
945 254.305 408.139
946 250.724 195.283
947 242.253 285.598
948 37.8351 176.329
949 177.552 274.81
950 192.459 72.4898
951 216.258 313.732
952 68.0985 14.5619
953 188.111 149.396
954 106.029 320.106
955 19.5679 398.248
956 23.0935 35.3905
957 265.627 8.33359
958 252.333 142.717
959 107.253 413.731
960 124.616 434.491
961 128.989 444.502
962 111.184 176.414
963 117.537 168.68
964 101.811 323.479
965 82.8644 352.54
966 161.079 418.813
967 194.782 427.253
968 44.8478 101.689
969 150.939 181.509
970 7.95408 257.465
971 64.1668 377.993
972 184.004 394.63
973 53.0651 152.684
974 124.837 416.614
975 231.838 252.711
976 186.779 39.2143
977 196.652 188.918
978 24.9628 288.23
979 183.325 314.065
980 44.502 392.198
981 72.0396 274.27
982 132.045 72.1584
983 215.06 295.266
984 112.717 17.5892
985 244.631 92.9893
986 51.9716 320.384
987 48.8716 170.428
988 271.498 361.643
989 137.961 97.4039
990 253.927 425.677
991 187.01 193.712
992 109.032 96.049
993 8.30441 150.956
994 234.289 239.484
995 178.759 285.173
996 90.62 351.998
997 275.05 128.687
998 109.128 423.723
999 190.642 327.312
1000 286.843 388.219
1001 145.386 152.542
1002 95.8612 409.099
1003 58.8998 376.668
1004 262.589 151.743
1005 212.256 40.2428
1006 130.14 113.983
1007 58.2269 353.65
1008 88.7685 298.046
1009 28.0503 436.579
1010 197.881 7.2604
1011 198.669 55.5864
1012 201.14 207.485
1013 74.6663 15.8639
1014 79.1019 81.3569
1015 50.4633 290.205
1016 40.4009 374.526
1017 156.227 321.164
1018 118.991 413.451
1019 260.458 328.517
1020 107.144 314.544
1021 246.719 282.497
1022 141.175 340.994
1023 127.847 240.627
1024 247.268 180.765
1025 223.874 202.6
1026 158.205 294.434
1027 107.911 303.511
1028 290.406 326.654
1029 229.432 391.493
1030 186.012 179.161
1031 257.515 151.994
1032 151.537 216.173
1033 210.889 243.67
1034 144.954 287.853
1035 156.084 375.162
1036 235.172 210.207
1037 50.4237 406.676
1038 116.269 406.955
1039 242.103 214.205
1040 202.474 96.8811
1041 191.258 51.3267
1042 147.568 82.3614
1043 122.671 266.926
1044 214.772 2.51781
1045 272.535 192.666
1046 50.2271 217.741
1047 74.2805 258.203
1048 191.818 102.782
1049 70.8353 127.321
1050 133.457 307.795
1051 268.498 389.022
1052 138.521 186.587
1053 87.714 419.382
1054 79.6221 359.205
1055 10.1886 60.9775
1056 28.6153 413.339
1057 191.919 291.303
1058 268.744 335.017
1059 79.8814 148.094
1060 184.865 423.189
1061 296.302 295.514
1062 275.863 258.793
1063 257.972 428.343
1064 187.785 127.872
1065 208.054 112.635
1066 218.796 261.728
1067 56.3774 219.51
1068 125.675 231.725
1069 283.166 342.081
1070 34.9107 412.278
1071 125.212 39.4875
1072 123.485 345.964
1073 133.273 168.698
1074 16.9624 353.693
1075 94.6902 289.582
1076 224.983 146.027
1077 291.79 176.38
1078 77.2855 221.861
1079 21.6257 319.472
1080 81.9156 67.265
1081 61.4059 200.361
1082 49.692 22.8856
1083 19.6094 217.349
1084 274.217 84.4328
1085 54.7396 415.558
1086 172.219 66.9974
1087 256.324 403.041
1088 201.187 155.741
1089 117.757 342.359
1090 192.319 444.228
1091 183.269 113.716
1092 257.55 141.455
1093 184.867 433.92
1094 76.8014 61.3157
1095 175.828 172.03
1096 68.5644 176.926
1097 95.2508 193.915
1098 110.775 57.8858
1099 179.168 395.722
1100 231.53 306.844
1101 30.8372 364.153
1102 240.052 193.399
1103 70.5989 303.207
1104 238.62 333.077
1105 272.655 200.401
1106 237.185 349.07
1107 79.0544 306.877
1108 192.266 335.993
1109 208.903 416.994
1110 289.17 128.193
1111 147.588 36.7455
1112 104.194 52.7976
1113 285.164 432.041
1114 142.369 251.742
1115 196.557 320.358
1116 23.8911 244.175
1117 64.6494 254.289
1118 207.026 118.595
1119 70.6813 184.69
1120 55.2274 285.242
1121 48.195 273.862
1122 161.739 277.508
1123 152.028 409.596
1124 217.494 136.104
1125 259.189 157.889
1126 97.5903 280.486
1127 110.583 39.6102
1128 283.165 321.601
1129 145.568 439.509
1130 53.9804 403.604
1131 147.044 29.7713
1132 101.094 412.086
1133 27.5006 145.012
1134 164.298 187.514
1135 260.353 62.3135
1136 56.0647 346.702
1137 20.8007 168.88
1138 201.642 345.445
1139 204.018 150.261
1140 49.9357 269.295
1141 145.057 337.851
1142 110.491 352.179
1143 262.588 227.038
1144 257.648 227.434
1145 256.172 388.634
1146 277.72 439.343
1147 35.5907 183.842
1148 62.4753 61.8797
1149 188.291 348.824
1150 292.064 199.889
1151 12.2324 359.081
1152 247.015 239.521
1153 284.435 316.662
1154 232.73 402.112
1155 250.071 119.662
1156 161.278 436.395
1157 52.8086 200.025
1158 123.094 303.183
1159 138.544 360.85
1160 140.978 35.0576
1161 232.787 321.215
1162 132.284 234.76
1163 112.102 240.449
1164 232.24 243.297
1165 186.133 329.311
1166 240.548 208.016
1167 183.882 418.036
1168 296.447 173.592
1169 64.5732 223.568
1170 13.4443 2.54561
1171 181.107 426.961
1172 175.764 223.359
1173 276.447 253.088
1174 164.261 69.7712
1175 267.486 377.113
1176 187.556 398.008
1177 2.61973 360.535
1178 25.3401 113.047
1179 137.601 138.615
1180 190.833 377.613
1181 284.276 52.4269
1182 189.611 116.741
1183 198.419 384.994
1184 158.219 184.228
1185 79.9967 433.683
1186 68.2883 73.9181
1187 270.062 130.758
1188 54.5895 169.197
1189 268.695 417.591
1190 222.857 246.33
1191 129.973 181.924
1192 282.038 258.038
1193 283.815 233.116
1194 69.1249 256.335
1195 32.1959 256.676
1196 192.347 23.1071
1197 194.43 341.095
1198 12.0557 103.163
1199 181.356 142.731
1200 224.434 139.175
1201 163.798 49.2191
1202 73.6058 331.556
1203 124.804 223.727
1204 119.236 46.9062
1205 41.9331 156.374
1206 192.204 400.518
1207 25.9869 150.75
1208 217.104 351.003
1209 182.127 380.01
1210 266.131 279.12
1211 134.764 38.8938
1212 295.253 210.336
1213 273.072 346.279
1214 283.336 353.155
1215 209.967 341.945
1216 95.8371 322.156
1217 230.53 431.023
1218 296.246 429.437
1219 65.1239 311.167
1220 11.2374 21.7184
1221 268.923 167.546
1222 44.4058 111.825
1223 74.8378 28.0321
1224 111.865 246.723
1225 11.6983 67.311
1226 138.026 105.566
1227 38.1674 282.665
1228 185.018 277.826
1229 287.11 247.807
1230 295.971 368.408
1231 43.9034 267.743
1232 230.596 225.28
1233 137.693 325.755
1234 241.891 403.785
1235 256.006 186.122
1236 236.496 235.673
1237 112.801 306.394
1238 283.625 180.56
1239 194.634 31.3963
1240 295.527 321.089
1241 286.69 156.357
1242 139.615 85.8273
1243 285.75 422.928
1244 280.132 444.272
1245 44.4449 366.261
1246 271.624 377.14
1247 168.528 192.704
1248 45.5986 302.088
1249 108.968 297.979
1250 234.769 328.663
1251 17.139 304.544
1252 120.507 178.232
1253 89.7044 245.477
1254 145.959 10.2382
1255 188.011 387.099
1256 226.887 161.989
1257 104.041 234.938
1258 33.09 280.667
1259 15.7338 370.066
1260 75.4615 132.891
1261 105.657 274.385
1262 169.004 383.532
1263 50.6911 259.702
1264 86.2143 288.537
1265 81.0794 202.822
1266 192.68 164.423
1267 199.48 341.348
1268 287.798 113.628
1269 248.385 295.807
1270 137.407 45.0618
1271 221.976 288.822
1272 67.2725 437.215
1273 212.644 432.551
1274 18.8337 67.9784
1275 296.423 316.119
1276 71.6741 2.79198
1277 259.602 270.918
1278 229.602 368.087
1279 87.8902 2.75136
1280 147.633 364.703
1281 2.88139 276.01
1282 94.6673 242.314
1283 32.7863 264.297
1284 83.4861 22.7835
1285 173.624 104.828
1286 84.5613 357.015
1287 215.25 364.056
1288 197.442 400.196
1289 246.082 132.298
1290 91.8257 254.845
1291 208.555 280.847
1292 169.78 352.582
1293 250.333 392.456
1294 73.9395 203.998
1295 263.214 2.69084
1296 250.915 189.714
1297 39.6357 333.169
1298 65.2552 152.426
1299 62.936 272.035
1300 101.681 285.732
1301 176.326 298.516
1302 62.7754 136.158
1303 11.5394 294.104
1304 28.4244 328.103
1305 70.0238 244.058
1306 133.817 241.828
1307 290.658 356.9
1308 263.703 419.043
1309 197.47 289.525
1310 39.8596 352.142
1311 25.9506 248.667
1312 243.17 298.976
1313 121.764 438.902
1314 280.305 218.509
1315 170.979 392.533
1316 61.8637 335.158
1317 90.4807 288.689
1318 42.1692 203.389
1319 166.648 322.31
1320 296.033 310.923
1321 251.995 39.6371
1322 68.69 162.45
1323 219.097 230.49
1324 164.412 359.71
1325 13.9243 91.6319
1326 24.012 263.196
1327 271.794 280.005
1328 146.861 331.554
1329 139.376 66.0315
1330 204.704 109.105
1331 207.773 249.735
1332 180.141 41.1427
1333 267.098 443.52
1334 215.686 87.0706
1335 88.5786 274.893
1336 274.108 143.721
1337 179.236 267.866
1338 58.8974 364.938
1339 274.605 1.95141
1340 48.7756 165.689
1341 130.976 45.3332
1342 183.803 87.4077
1343 238.842 416.925
1344 295.954 192.503
1345 81.2436 17.1669
1346 16.1095 383.498
1347 296.475 187.007
1348 193.656 396.049
1349 224.769 325.262
1350 103.383 90.4671
1351 164.965 401.371
1352 29.7751 214.623
1353 124.237 69.7536
1354 144.856 282.1
1355 98.2359 39.2395
1356 11.7571 415.744
1357 137.492 425.545
1358 256.845 234.101
1359 268.518 252.016
1360 90.0854 384.285
1361 268.883 355.68
1362 251.422 403.081
1363 296.363 424.079
1364 263.685 363.896
1365 254.779 55.6481
1366 178.02 66.5682
1367 26.613 167.914
1368 279.371 87.4933
1369 129.047 246.992
1370 26.0969 378.255
1371 178.491 126.811
1372 245.066 408.851
1373 245.176 63.7524
1374 2.42484 170.376
1375 183.635 403.72
1376 149.824 245.229
1377 95.3679 140.378
1378 230.272 343.613
1379 110.486 199.663
1380 186.986 45.4308
1381 151.359 380.422
1382 48.0107 35.6797
1383 7.42733 283.005
1384 228.388 398.671
1385 83.6027 213.61
1386 89.8325 302.872
1387 2.68997 354.481
1388 86.7741 346.833
1389 123.755 102.832
1390 37.8498 423.963
1391 275.088 422.411
1392 200.498 427.957
1393 102.785 356.623
1394 157.359 50.7601
1395 30.6711 140.761
1396 54.9193 437.69
1397 25.9606 106.707
1398 164.563 81.2362
1399 80.0406 279.418
1400 29.0653 209.332
1401 241.385 321.273
1402 210.63 397.621
1403 162.943 35.9077
1404 244.78 166.022
1405 87.3091 127.188
1406 44.1774 336.357
1407 117.882 425.879
1408 132.201 362.371
1409 6.57469 407.262
1410 206.844 385.554
1411 189.44 311.25
1412 222.221 390.797
1413 5.18002 239.96
1414 27.2264 281.65
1415 255.577 192.888
1416 158.389 164.223
1417 249.757 339.022
1418 207.487 207.342
1419 29.8981 72.9302
1420 217.718 195.282
1421 34.9703 349.273
1422 200.559 256.11
1423 246.483 375.838
1424 95.1942 434.888
1425 50.2896 305.574
1426 218.122 325.06
1427 200.681 403.938
1428 147.66 158.593
1429 244.387 358.397
1430 133.411 443.558
1431 246.779 403.588
1432 39.2329 106.167
1433 58.4766 298.602
1434 12.7481 365.169
1435 122.331 375.85
1436 296.882 140.452
1437 153.299 146.192
1438 64.0283 157.42
1439 56.9387 249.367
1440 239.934 375.02
1441 212.204 60.1897
1442 245.342 328.595
1443 190.172 276.925
1444 140.944 333.46
1445 274.871 235.486
1446 62.7487 236.076
1447 131.259 54.9556
1448 228.514 57.0467
1449 23.3527 374.19
1450 182.462 98.2672
1451 88.1914 373.949
1452 251.999 132.763
1453 89.891 75.1326
1454 152.838 198.65
1455 49.1702 297.767
1456 10.9581 161.824
1457 40.611 239.913
1458 168.546 126.262
1459 80.5528 261.654
1460 296.017 326.122
1461 291.811 436.591
1462 170.383 312.876
1463 24.7648 390.394
1464 100.778 265.821
1465 228.681 230.104
1466 73.7653 358.783
1467 125.671 121.025
1468 170.502 153.983
1469 63.1966 128.761
1470 108.468 23.537
1471 36.2554 374.521
1472 150.964 424.918
1473 98.888 46.7835
1474 166.384 254.447
1475 179.387 14.0177
1476 59.8526 215.388
1477 19.9428 223.154
1478 42.0514 178.18
1479 175.562 189.605
1480 2.12814 410.496
1481 27.1131 162.259
1482 233.384 415.124
1483 274.653 58.9751
1484 192.25 131.341
1485 86.8749 270.164
1486 113.806 401.478
1487 19.4714 246.998
1488 5.28039 427.658
1489 7.58659 204.079
1490 278.572 79.5694
1491 236.162 36.901
1492 127.134 318.208
1493 56.4384 65.6751
1494 40.6605 263.004
1495 32.848 438.308
1496 192.439 143.267
1497 137.803 297.982
1498 226.571 2.0987
1499 18.7643 294.514
1500 205.092 322.856
1501 173.689 127.069
1502 244.647 155.429
1503 15.2932 299.142
1504 210.596 34.2267
1505 16.2562 134.058
1506 74.4537 176.95
1507 247.893 247.341
1508 117.567 227.264
1509 129.147 35.3429
1510 264.371 368.46
1511 19.3615 241.584
1512 118.455 441.549
1513 154.374 34.6735
1514 207.091 271.176
1515 182.388 399.359
1516 234.27 297.595
1517 242.863 255.549
1518 93.8695 125.856
1519 179.796 436.234
1520 170.152 422.078
1521 22.1757 29.9507
1522 80.7863 128.653
1523 18.9755 199.653
1524 30.0833 29.9896
1525 68.6711 368.066
1526 223.454 372.022
1527 138.54 370.495
1528 296.791 214.006
1529 224.793 6.68482
1530 64.6321 195.866
1531 11.8149 207.837
1532 123.385 426.862
1533 97.5396 186.031
1534 285.115 326.064
1535 227.601 239.324
1536 198.217 283.879
1537 194.477 373.73
1538 8.79461 319.203
1539 95.8176 356.293
1540 89.7746 68.8645
1541 20.9453 356.414
1542 42.2071 370.893
1543 103.063 425.165
1544 252.015 358.381
1545 42.4331 378.268
1546 239.949 119.845
1547 196.338 345.357
1548 2.68999 31.2222
1549 124.916 21.5423
1550 296.516 411.282
1551 256.523 393.708
1552 55.2748 266.78
1553 199.262 182.679
1554 105.472 112.615
1555 7.73393 211.913
1556 198.001 443.932
1557 152.667 368.361
1558 249.758 48.4099
1559 14.1455 182.754
1560 161.685 143.161
1561 118.04 332.189
1562 71.6079 228.61
1563 81.1199 218.707
1564 47.0187 370.885
1565 238.274 18.5306
1566 100.673 252.624
1567 181.665 150.702
1568 122.353 136.764
1569 49.1295 338.758
1570 287.766 2.6883
1571 104.865 36.0299
1572 107.477 339.698
1573 79.7774 28.766
1574 173.668 231.474
1575 156.663 273.522
1576 192.861 438.678
1577 72.6798 52.9575
1578 218.071 21.4349
1579 277.549 405.395
1580 162.277 444.668
1581 91.6339 182.666
1582 24.0933 293.554
1583 163.736 3.04926
1584 225.099 357.303
1585 7.78477 355.909
1586 216.839 437.731
1587 232.549 2.67344
1588 122.258 238.025
1589 230.738 42.5177
1590 216.781 130.901
1591 297.365 151.014
1592 180.283 7.26588
1593 68.7158 355.847
1594 138.678 417.917
1595 168.082 88.077
1596 226.024 182.997
1597 219.819 298.333
1598 253.598 198.946
1599 140.5 246.304
1600 2.41059 266.192
1601 273.852 186.869
1602 280.371 380.422
1603 69.1692 26.6738
1604 59.5926 50.5029
1605 81.8694 293.059
1606 258.627 95.7422
1607 155.198 130.813
1608 154.323 244.334
1609 244.09 37.0431
1610 236.452 109.248
1611 153.488 391.894
1612 241.064 344.622
1613 49.3507 60.4627
1614 258.876 422.424
1615 202.859 415.805
1616 13.4448 73.4703
1617 74.8548 191.619
1618 194.487 136.539
1619 261.65 242.994
1620 178.245 383.37
1621 4.92179 76.9631
1622 11.3199 422.42
1623 23.0673 72.1979
1624 236.128 307.553
1625 284.546 129.618
1626 78.7423 297.29
1627 24.7628 312.478
1628 92.9176 360.272
1629 15.2723 218.964
1630 60.4645 240.348
1631 193.588 248.556
1632 132.715 392.999
1633 142.493 303.612
1634 128.409 306.931
1635 224.341 267.329
1636 54.4054 377.66
1637 224.439 112.425
1638 76.9125 443.435
1639 271.361 394.275
1640 141.93 421.897
1641 229.84 134.214
1642 78.8419 46.5087
1643 238.604 299.291
1644 296.424 403.882
1645 199.48 365.574
1646 275.618 374.681
1647 42.4563 163.822
1648 260.269 434
1649 184.251 2.29658
1650 83.1249 237.025
1651 254.346 12.3798
1652 177.299 2.25054
1653 186.842 333.804
1654 93.1081 267.409
1655 120.802 114.876
1656 282.837 224.298
1657 72.6142 314.687
1658 177.425 312.036
1659 91.4756 226.508
1660 150.505 23.3827
1661 141.602 443.992
1662 163.574 383.36
1663 89.5107 157.207
1664 50.4945 424.199
1665 40.1729 214.828
1666 251.149 184.486
1667 74.5831 305.769
1668 208.844 140.463
1669 199.058 170.383
1670 114.329 422.33
1671 268.408 273.122
1672 44.4944 218.421
1673 205.708 373.907
1674 143.59 128.387
1675 252.518 105.487
1676 18.8485 113.97
1677 39.6322 6.99611
1678 175.797 440.739
1679 2.95989 47.5899
1680 276.336 289.828
1681 59.8951 303.822
1682 142.487 172.783
1683 131.499 426.375
1684 224.103 225.692
1685 109.393 440.3
1686 161.965 260.438
1687 127.67 29.1913
1688 29.1475 100.045
1689 210.374 21.6589
1690 251.212 311.154
1691 249.183 274.422
1692 58.9654 154.097
1693 179.848 294.014
1694 93.5629 317.626
1695 98.7953 380.425
1696 164.286 17.5321
1697 286.949 435.756
1698 151.059 155.172
1699 110.415 70.7366
1700 130.163 284.441
1701 272.073 148.403
1702 107.154 433.651
1703 6.86039 100.842
1704 88.2196 192.046
1705 169.737 171.246
1706 2.31708 348.666
1707 276.389 303.765
1708 217.678 303.203
1709 35.225 64.6765
1710 267.961 426.24
1711 234.515 434.367
1712 248.059 55.162
1713 264.605 107.466
1714 194.118 363.111
1715 186.004 353.864
1716 290.189 101.523
1717 269.27 224.742
1718 214.71 189.558
1719 187.797 70.3272
1720 242.112 220.762
1721 296.88 389.147
1722 226.54 444.018
1723 205.098 91.6776
1724 266.525 345.67
1725 185.751 173.13
1726 183.429 320.121
1727 131.607 438.905
1728 214.269 93.4557
1729 166.141 435.388
1730 65.2568 339.071
1731 273.662 418.119
1732 30.5021 275.457
1733 64.5721 330.883
1734 48.9983 390.167
1735 233.384 395.866
1736 233.805 70.8154
1737 236.562 405.669
1738 157.731 314.384
1739 117.277 235.71
1740 228.727 405.421
1741 262.22 55.6421
1742 279.134 183.838
1743 265.552 119.883
1744 226.695 243.604
1745 130.658 376.454
1746 149.796 75.3238
1747 31.2841 90.7883
1748 6.52109 234.889
1749 101.832 370.316
1750 4.54565 438.005
1751 260.42 380.452
1752 24.7864 214.922
1753 36.601 407.129
1754 110.45 182.295
1755 202.966 409.189
1756 142.616 410.626
1757 125.533 143.76
1758 180.951 176.504
1759 85.0794 302.181
1760 162.703 127.188
1761 136.105 211.512
1762 38.0505 18.4899
1763 114.478 92.1748
1764 97.514 386.299
1765 94.0816 18.68
1766 91.8857 199.103
1767 151.499 101.895
1768 202.854 174.194
1769 240.958 266.366
1770 157.233 151.144
1771 274.867 315.087
1772 197.861 331.997
1773 161.984 355.098
1774 73.6515 224.241
1775 282.918 393.911
1776 59.47 43.2357
1777 228.383 170.011
1778 186.616 235.118
1779 236.918 424.382
1780 267.264 184.461
1781 243.146 203.074
1782 275.742 284.65
1783 46.2204 332.387
1784 75.4249 216.61
1785 67.1617 238.966
1786 173.596 273.374
1787 52.0398 332.667
1788 64.0326 319.959
1789 171.134 405.098
1790 285.565 331.126
1791 116.134 62.3419
1792 176.621 249.696
1793 190.678 368.047
1794 66.8461 410.815
1795 138.983 150.364
1796 212.744 265.296
1797 273.861 309.589
1798 290.471 73.7478
1799 253 414.624
1800 129.389 7.61547
1801 165.715 303.914
1802 208.575 286.586
1803 162.932 415.233
1804 281.523 157.366
1805 279.766 175.737
1806 132.715 402.958
1807 29.6378 392.83
1808 154.106 159.806
1809 260.088 306.91
1810 248.664 137.371
1811 106.389 123.761
1812 198.627 131.027
1813 256.554 339.69
1814 87.9632 18.4916
1815 170.055 137.715
1816 88.4838 307.915
1817 32.3959 232.737
1818 77.2316 184.885
1819 175.554 263.751
1820 184.806 412.617
1821 258.378 398.535
1822 287.529 186.229
1823 132.34 297.687
1824 255.094 318.754
1825 103.871 42.4812
1826 213.336 111.136
1827 47.1102 256.221
1828 145.772 61.7891
1829 230.255 326.11
1830 96.8784 170.384
1831 22.2471 350.666
1832 266.814 413.204
1833 148.72 147.174
1834 141.597 354.18
1835 139.864 26.6754
1836 260.866 351.149
1837 38.449 87.5962
1838 290.42 362.786
1839 242.274 369.726
1840 12.8182 388.181
1841 164.457 139.688
1842 207.208 404.08
1843 213.188 53.1057
1844 129.11 275.434
1845 269.166 422.194
1846 85.7024 221.686
1847 29.3975 155.328
1848 160.952 289.96
1849 72.899 239.279
1850 164.578 395.053
1851 6.48087 219.377
1852 228.467 195.195
1853 218.374 9.28548
1854 240.879 49.5521
1855 185.275 367.875
1856 153.527 296.054
1857 205.295 212.382
1858 102.376 330.262
1859 150.212 263.569
1860 77.4978 34.4862
1861 144.078 101.382
1862 185.824 303.697
1863 157.653 365.472
1864 177.347 379.473
1865 281.875 7.78218
1866 56.8449 432.303
1867 296.227 21.1407
1868 7.32237 71.9246
1869 211.206 276.47
1870 106.972 30.3592
1871 157.969 340.907
1872 31.1151 114.354
1873 180.259 230.942
1874 2.43916 281.182
1875 120.676 33.4683
1876 196.21 432.67
1877 196.929 105.797
1878 273.662 134.4
1879 240.87 184.056
1880 246.885 220.462
1881 76.3052 268.407
1882 282.471 347.373
1883 254.948 137.388
1884 42.8262 66.1641
1885 204.988 342.45
1886 150.179 321.075
1887 43.2198 244.02
1888 69.2371 209.371
1889 229.701 65.0821
1890 229.012 294.689
1891 138.127 113.997
1892 267.933 86.0162
1893 202.427 261.013
1894 142.011 364.764
1895 233.19 420.316
1896 142.475 43.0804
1897 130.104 397.701
1898 73.5057 284.16
1899 291.849 270.777
1900 270.109 234.653
1901 131.168 63.5376
1902 86.698 232.025
1903 2.9587 178.001
1904 281.336 149.7
1905 91.5851 90.0545
1906 263.631 193.771
1907 52.7485 253.068
1908 180.708 169.655
1909 74.5033 163.618
1910 261.951 27.7907
1911 104.16 161.727
1912 23.4967 307.361
1913 172.934 413.046
1914 93.5654 311.314
1915 258.984 213.119
1916 151.906 397.674
1917 85.7303 47.0265
1918 158.476 350.024
1919 114.051 337.078
1920 291.245 90.0727
1921 177.375 244.49
1922 239.324 2.57229
1923 151.601 2.78113
1924 241.628 70.6737
1925 1.73176 227.409
1926 131.236 80.6337
1927 115.481 180.762
1928 236.77 188.849
1929 55.809 394.876
1930 199.955 371.371
1931 291.942 406.382
1932 69.1563 249.973
1933 275.629 116.092
1934 163.093 108.419
1935 193.668 324.025
1936 251.228 386.884
1937 270.163 240.303
1938 22.9872 335.57
1939 233.296 163.561
1940 169.408 211.189
1941 157.041 142.023
1942 41.4983 35.2117
1943 150.696 16.328
1944 253.331 293.153
1945 295.396 50.8958
1946 2.63079 222.998
1947 200.086 191.778
1948 131.73 415.449
1949 88.838 238.884
1950 218.017 236.147
1951 61.9559 263.247
1952 277.496 369.528
1953 48.6895 438.897
1954 77.7752 208.046
1955 243.822 244.424
1956 114.569 439.294
1957 172.899 431.17
1958 117.581 130.825
1959 114.449 187.443
1960 98.8532 399.492
1961 270.474 140.11
1962 39.978 209.174
1963 179.25 92.2823
1964 158.286 137.222
1965 96.9768 262.442
1966 92.8624 378.093
1967 296.64 267.189
1968 95.7431 372.049
1969 217.012 430.267
1970 285.126 151.416
1971 220.3 2.8142
1972 176.146 214.863
1973 122.161 352.17
1974 174.883 238.111
1975 267.936 178.429
1976 64.6234 400.159
1977 250.36 437.125
1978 151.602 52.1486
1979 69.341 8.48256
1980 204.782 398.248
1981 45.6675 375.426
1982 170.676 121.321
1983 69.7008 392.759
1984 99.3836 392.809
1985 19.4829 315.292
1986 149.999 238.932
1987 170.6 286.351
1988 220.942 329.248
1989 88.4514 318.445
1990 162.28 339.677
1991 88.8482 144.392
1992 157.265 57.1338
1993 284.802 192.339
1994 99.0345 417.315
1995 127.867 411.758
1996 199.072 349.034
1997 113.584 148.286
1998 295.853 59.1702
1999 98.466 87.7572
2000 231.397 316.527
2001 288.945 37.3867
2002 97.7265 314.39
2003 71.7677 380.786
2004 86.5706 179.701
2005 18.2747 263.337
2006 95.4614 65.6802
2007 10.2512 270.769
2008 231.495 289.45
2009 1.90469 67.9807
2010 245.28 43.5943
2011 192.033 58.2184
2012 289.308 320.891
2013 149.192 131.504
2014 145.531 3.32883
2015 180.402 375.5
2016 165.44 43.1764
2017 63.0013 219.284
2018 263.094 263.456
2019 107.315 280.837
2020 11.5062 445.417
2021 129.544 2.19205
2022 224.08 418.025
2023 213.322 238.371
2024 204.498 276.115
2025 273.056 230.221
2026 255.049 28.5676
2027 154.402 300.732
2028 79.3473 348.139
2029 263.619 296.92
2030 216.879 424.638
2031 287.372 30.9958
2032 175.121 98.2496
2033 93.7465 104.325
2034 165.033 162.363
2035 46.9635 174.798
2036 185.597 341.572
2037 280.902 434.927
2038 160.595 30.4358
2039 209.437 134.459
2040 55.7166 420.98
2041 100.395 246.264
2042 58.9713 189.095
2043 52.376 429.3
2044 140.2 315.624
2045 165.36 422.583
2046 210.935 436.876
2047 35.2414 360.405
2048 98.3985 163.793
2049 136.048 58.2221
2050 242.665 349.319
2051 263.66 437.935
2052 101.848 375.168
2053 223.812 44.0503
2054 111.766 408.617
2055 272.068 153.636
2056 157.472 125.278
2057 180.741 341.749
2058 239.511 361.643
2059 248.605 126.754
2060 148.193 175.581
2061 56.2124 262.11
2062 140.446 256.696
2063 189.278 423.609
2064 144.099 146.412
2065 22.3882 425.561
2066 164.778 372.596
2067 237.711 43.3046
2068 228.04 280.124
2069 250.011 33.1359
2070 58.7958 120.273
2071 66.9125 233.141
2072 112.853 364.33
2073 196.58 174.421
2074 159.315 345.607
2075 293.317 445.172
2076 82.2165 121.582
2077 275.133 216.501
2078 2.09079 218.295
2079 200.386 376.544
2080 262.034 81.2094
2081 202.952 136.025
2082 176.558 331.731
2083 212.901 161.033
2084 111.59 381.487
2085 36.7354 144.471
2086 210.131 362.414
2087 251.653 226.105
2088 223.278 219.318
2089 264.173 34.4332
2090 219.149 57.1199
2091 180.171 277.716
2092 11.516 235.18
2093 159.374 100.628
2094 102.951 67.1015
2095 13.67 266.416
2096 120.652 199.715
2097 228.445 207.431
2098 255.258 207.399
2099 138.69 407.868
2100 21.8968 178.979
2101 259.24 407.03
2102 191.654 411.837
2103 95.3302 222.533
2104 80.2017 405.459
2105 112.19 114.093
2106 109.97 192.364
2107 16.2648 140.096
2108 259.425 345.596
2109 32.1096 290.918
2110 212.468 254.239
2111 103.725 300.882
2112 64.7017 55.218
2113 280.238 163.243
2114 24.8038 173.917
2115 46.7786 403.312
2116 221.979 165.338
2117 23.7867 137.639
2118 29.7441 269.311
2119 105.379 74.4671
2120 56.5574 57.7444
2121 262.185 413.337
2122 208.609 2.50175
2123 51.1368 369.436
2124 254.467 123.438
2125 188.767 265.518
2126 244.298 438.123
2127 218.137 102.318
2128 116.254 174.544
2129 40.9878 382.473
2130 2.06235 444.794
2131 9.5861 177.787
2132 172.387 302.677
2133 213.467 155.634
2134 2.45427 155.382
2135 220.987 432.285
2136 15.4488 127.377
2137 25.8823 45.3004
2138 153.237 429.797
2139 143.397 266.277
2140 240.606 433.118
2141 270.496 304.068
2142 50.3067 184.851
2143 105.691 220.353
2144 2.78758 286.696
2145 157.036 407.284
2146 136.099 312.606
2147 271.414 255.826
2148 2.60422 244.071
2149 42.1041 184.526
2150 245.951 322.415
2151 2.85819 16.8241
2152 262.114 164.439
2153 273.702 73.382
2154 222.522 123.219
2155 291.958 7.71435
2156 130.16 329.494
2157 244.143 340.598
2158 15.0966 424.788
2159 131.886 90.3962
2160 89.9604 173.773
2161 225.44 273.246
2162 91.1924 261.265
2163 89.634 313.23
2164 35.3315 365.656
2165 244.918 78.0809
2166 125.055 45.5681
2167 278.257 21.7444
2168 131.168 346.852
2169 49.0381 433.793
2170 266.411 350.672
2171 124.745 329.451
2172 102.838 280.241
2173 252.085 348.916
2174 46.0485 189.651
2175 27.8352 425.066
2176 99.6952 136.82
2177 176.128 180.029
2178 200.781 160.561
2179 140.144 289.408
2180 144.88 376.273
2181 259.202 196.197
2182 296.346 135.732
2183 182.73 188.92
2184 202.018 19.7378
2185 212.664 196.918
2186 292.272 441.278
2187 32.7407 426.307
2188 189.701 91.1818
2189 232.617 311.99
2190 97.4276 54.033
2191 223.592 62.2512
2192 8.09866 251.12
2193 106.191 149.064
2194 267.209 189.523
2195 92.5793 36.2585
2196 226.15 311.635
2197 180.058 61.0771
2198 205.685 254.911
2199 281.789 369.062
2200 221.224 340.529
2201 185.744 54.065
2202 194.333 306.448
2203 297.063 374.678
2204 194.335 357.635
2205 120.625 254.558
2206 200.233 271.251
2207 290.169 215.803
2208 153.129 348.647
2209 44.0448 3.02208
2210 81.7517 10.9477
2211 285.512 238.56
2212 201.547 216.735
2213 221.496 365.904
2214 223.599 236.118
2215 185.773 337.542
2216 83.326 283.887
2217 218.89 406.844
2218 194.324 169.61
2219 105.128 438.301
2220 137.155 445.198
2221 49.5311 77.7696
2222 2.6384 185.484
2223 216.109 175.234
2224 7.07524 435.667
2225 2.76576 330.515
2226 254.678 216.413
2227 223.716 402.533
2228 235.629 100.346
2229 263.383 340.07
2230 75.5056 9.79032
2231 254.35 333.155
2232 122.202 314.262
2233 280.242 46.7591
2234 15.15 238.259
2235 69.3 279.601
2236 122.949 274.124
2237 174.321 52.6487
2238 150.4 108.987
2239 117.562 445.217
2240 271.46 19.126
2241 18.6776 49.0226
2242 237.834 412.246
2243 81.2004 191.644
2244 37.7584 379.302
2245 241.265 226.841
2246 251.041 322.431
2247 248.339 397.771
2248 21.3329 143.65
2249 170.436 278.316
2250 198.394 72.959
2251 62.6241 162.193
2252 199.017 325.28
2253 24.2888 85.9399
2254 267.218 229.384
2255 70.3383 387.382
2256 15.3241 443.453
2257 102.863 295.798
2258 65.6347 117.221
2259 107.459 369.739
2260 9.23005 124.133
2261 230.214 213.966
2262 162.987 250.772
2263 66.7436 382.624
2264 274.356 436.5
2265 118.107 269.865
2266 224.941 12.5554
2267 174.846 59.315
2268 131.302 151.039
2269 279.055 228.82
2270 166.028 241.006
2271 35.8472 2.88919
2272 7.77814 166.245
2273 157.473 8.54497
2274 291.332 418.883
2275 284.162 109.389
2276 28.503 403.319
2277 242.838 113.657
2278 197.88 415.237
2279 111.86 253.183
2280 153.349 316.835
2281 242.703 171.478
2282 60.1915 141.693
2283 203.727 357.717
2284 264.415 144.723
2285 291.255 154.692
2286 14.4244 212.858
2287 229.849 263.998
2288 199.04 231.222
2289 197.18 336.86
2290 289.085 56.2958
2291 234.832 123.855
2292 168.706 36.6167
2293 32.0977 338.137
2294 288.495 267.155
2295 128.9 387.669
2296 15.0872 418.971
2297 66.7516 35.4005
2298 29.0233 126.549
2299 56.2245 316.082
2300 266.142 326.817
2301 106.034 101.054
2302 15.6605 15.8702
2303 262.665 313.708
2304 30.5835 398.227
2305 2.76182 385.385
2306 55.7175 335.829
2307 283.989 104.145
2308 117.082 242.812
2309 2.44474 416.836
2310 3.44335 23.6396
2311 276.347 323.021
2312 74.5947 252.257
2313 150.428 444.027
2314 52.2302 157.57
2315 283.459 18.664
2316 142.433 433.223
2317 190.192 304.07
2318 40.2704 311.565
2319 121.055 393.241
2320 97.6786 303.505
2321 18.7979 407.78
2322 39.148 221.263
2323 185.575 390.045
2324 67.5883 106.279
2325 206.514 353.778
2326 149.92 287.005
2327 217.823 40.7344
2328 243.305 99.9224
2329 185.045 93.3873
2330 15.8948 433.816
2331 268.949 53.7127
2332 67.2482 316.416
2333 74.8359 279.099
2334 100.133 223.527
2335 204.897 243.939
2336 284.011 2.55421
2337 210.273 67.6995
2338 152.899 63.8903
2339 68.3544 216.201
2340 204.629 362.874
2341 209.005 123.61
2342 83.5133 411.331
2343 196.851 100.129
2344 198.064 61.8249
2345 291.303 424.719
2346 38.5511 438.63
2347 98.1386 32.2175
2348 21.2954 164.027
2349 145.964 369.86
2350 36.53 370.415
2351 286.331 311.636
2352 251.73 373.361
2353 204.894 49.8507
2354 195.01 125.428
2355 235.827 266.524
2356 274.875 399.904
2357 78.3148 240.501
2358 156.508 386.529
2359 2.69432 193.122
2360 152.52 256.985
2361 250.106 71.0882
2362 283.241 267.784
2363 96.9351 203.917
2364 171.598 357.079
2365 115.963 393.791
2366 284.674 378.062
2367 61.6407 419.43
2368 160.839 271.692
2369 75.5146 429.489
2370 137.171 251.967
2371 218.285 255.837
2372 241.237 197.956
2373 47.9867 144.614
2374 290.926 301.882
2375 120.863 319.796
2376 6.38825 445.114
2377 201.222 237.834
2378 223.574 255.302
2379 266.152 14.6742
2380 81.1845 342.077
2381 157.283 119.334
2382 11.3152 49.8607
2383 121.686 402.352
2384 87.0685 62.8084
2385 181.936 70.4644
2386 243.596 398.462
2387 50.9494 3.07911
2388 268.65 296.673
2389 198.747 301.124
2390 296.349 252.512
2391 24.1211 208.381
2392 12.7524 260.52
2393 221.147 16.4557
2394 126.573 393.081
2395 213.325 385.112
2396 135.132 247.032
2397 143.011 197.256
2398 187.366 408.119
2399 169.832 47.4841
2400 71.3328 119.911
2401 201.988 266.519
2402 250.86 367.45
2403 5.99491 304.27
2404 137.679 440.762
2405 7.57611 418.948
2406 89.4096 138.539
2407 276.003 363.353
2408 107.081 267.869
2409 116.636 108.669
2410 236.989 254.779
2411 88.0099 12.1792
2412 145.89 231.843
2413 131.446 189.05
2414 239.298 395.282
2415 67.4647 294.708
2416 47.1259 180.587
2417 295.785 279.296
2418 284.087 76.6366
2419 180.548 206.712
2420 65.972 276.094
2421 11.1695 338.202
2422 63.2828 406.418
2423 166.669 280.697
2424 290.504 170.475
2425 70.9696 422.926
2426 3.15436 340.115
2427 189.917 199.8
2428 100.51 191.459
2429 211.278 379.886
2430 104.217 385.571
2431 108.14 187.344
2432 72.5307 44.6863
2433 192.236 232.069
2434 229.176 332.55
2435 29.3409 133.204
2436 207.03 182.671
2437 110.55 153.427
2438 292.693 263.253
2439 123.195 248.796
2440 46.0411 291.747
2441 236.862 215.15
2442 296.475 418.086
2443 196.293 295.21
2444 153.471 41.4318
2445 245.885 432.093
2446 245.991 28.1949
2447 281.904 139.536
2448 2.75974 260.73
2449 296.209 105.501
2450 93.4079 306.004
2451 147.456 68.6938
2452 32.7548 388.88
2453 92.6204 207.189
2454 253.346 397.919
2455 120.002 367.765
2456 284.203 144.991
2457 22.1852 131.251
2458 246.434 301.715
2459 205.782 230.875
2460 49.7897 412.202
2461 220.085 360.036
2462 100.427 122.169
2463 240.601 290.025
2464 200.861 395.393
2465 3.84334 390.799
2466 255.227 433.227
2467 243.266 148.918
2468 279.383 234.855
2469 24.9133 396.867
2470 155.053 419.678
2471 83.0371 208.294
2472 82.9175 336.266
2473 124.381 84.5232
2474 204.479 368.459
2475 176.515 342.328
2476 74.5768 344.934
2477 12.0681 343.938
2478 295.628 245.675
2479 212.55 353.619
2480 230.38 156.6
2481 252.064 279.265
2482 2.45703 39.371
2483 125.735 187.213
2484 230.01 148.077
2485 248.633 148.723
2486 168.331 200.1
2487 269.816 125.12
2488 175.259 422.735
2489 33.5229 313.145
2490 149.276 386.49
2491 130.719 106.204
2492 268.099 245.742
2493 225.695 377.653
2494 228.343 413.474
2495 144.493 21.948
2496 213.711 391.27
2497 160.875 285.705
2498 272.087 432.814
2499 3.50743 291.541
2500 84.6917 103.65
2501 148.711 418.818
2502 11.1946 113.241
2503 74.4935 245.974
2504 117.44 3.25851
2505 66.8044 86.9224
2506 181.778 251.498
2507 18.3432 270.486
2508 264.54 268.656
2509 274.558 123.293
2510 296.697 201.775
2511 15.9239 348.671
2512 204.709 444.897
2513 207.728 391.676
2514 167.769 268.913
2515 232.228 338.558
2516 225.33 344.022
2517 196.569 2.27706
2518 151.804 403.51
2519 136.001 388.808
2520 179.218 387.288
2521 21.6056 12.5483
2522 175.967 326.845
2523 60.8157 413.107
2524 90.8897 233.416
2525 157.902 2.69706
2526 224.839 408.631
2527 263.159 424.414
2528 123.195 158.342
2529 184.74 428.795
2530 271.932 181.129
2531 40.0142 357.04
2532 47.0401 154.39
2533 279.191 357.234
2534 88.5 283.499
2535 263.011 429.345
2536 7.27865 431.291
2537 292.59 146.832
2538 251.881 153.96
2539 253.111 259.98
2540 283.642 13.3254
2541 215.722 125.184
2542 158.464 222.235
2543 229.835 303.221
2544 268.512 408.199
2545 226.767 338.087
2546 188.865 98.3533
2547 61.8652 171.249
2548 159.215 39.9921
2549 194.333 238.55
2550 35.6703 137.942
2551 213.929 14.9651
2552 46.4674 323.471
2553 86.7198 109.315
2554 74.7263 263.333
2555 212.445 413.363
2556 171.54 176.963
2557 260.01 206.601
2558 47.658 311.53
2559 82.8849 384.431
2560 185.93 144.945
2561 240.188 354.267
2562 277.607 384.812
2563 180.938 444.458
2564 77.6676 106.91
2565 137.011 350.013
2566 164.246 121.436
2567 206.419 292.382
2568 281.204 169.981
2569 268.773 284.619
2570 211.663 291.081
2571 169.219 335.224
2572 142.604 298.434
2573 22.4928 99.9119
2574 191.174 432.841
2575 111.781 126.46
2576 104.03 291.013
2577 111.891 435.178
2578 113.265 211.872
2579 219.608 272.561
2580 106.209 286.221
2581 51.0311 123.557
2582 41.9867 170.716
2583 85.9541 379.44
2584 6.83639 413.277
2585 256.455 438.616
2586 120.219 16.9282
2587 271.921 98.3931
2588 240.672 133.252
2589 53.7685 101.003
2590 228.999 127.333
2591 12.8887 229.219
2592 281.227 300.782
2593 118.767 262.774
2594 90.2284 409.563
2595 189.241 382.745
2596 291.148 1.90462
2597 264.075 20.392
2598 116.406 314.826
2599 177.026 85.8737
2600 102.597 312.553
2601 40.1588 411.978
2602 193.554 316.677
2603 56.1163 22.8657
2604 47.066 317.789
2605 37.6457 54.8541
2606 204.677 81.6435
2607 64.225 290.852
2608 120.301 163.732
2609 251.551 203.847
2610 104.863 16.1078
2611 124.039 422.292
2612 60.5908 17.8528
2613 106.043 177.764
2614 180.037 54.9149
2615 244.018 392.203
2616 134.036 280.114
2617 193.9 159.309
2618 2.51703 105.475
2619 104.986 201.057
2620 56.4905 149.076
2621 92.0611 167.068
2622 65.3321 40.8059
2623 7.85105 108.104
2624 98.4403 131.823
2625 211.445 106.272
2626 175.305 278.592
2627 8.01995 314.627
2628 50.1262 356.917
2629 285.534 84.3125
2630 85.0054 430.329
2631 279.794 398.912
2632 68.8983 322.375
2633 221.358 311.897
2634 20.5428 41.3161
2635 184.234 262.042
2636 167.592 226.016
2637 207.81 29.3436
2638 218.774 386.644
2639 257.464 288.413
2640 139.176 307.608
2641 180.559 264.255
2642 109.811 387.777
2643 276.863 197.136
2644 123.629 259.857
2645 296.388 226.31
2646 113.303 45.529
2647 243.423 334.955
2648 251.08 172.447
2649 163.669 245.858
2650 254.354 305.709
2651 175.8 370.652
2652 176.405 164.654
2653 209.525 296.81
2654 166.986 366.556
2655 177.311 270.833
2656 60.333 283.625
2657 282.939 294.79
2658 55.611 257.39
2659 162.141 315.693
2660 122.932 410.963
2661 277.87 204.227
2662 272.446 332.225
2663 209.317 186.791
2664 49.3878 195.01
2665 273.542 427.424
2666 145.526 324.005
2667 92.576 278.429
2668 157.978 401.117
2669 65.3794 123.521
2670 97.9826 257.255
2671 203.484 282.256
2672 99.9473 79.9916
2673 20.0297 106.169
2674 188.844 363.566
2675 221.861 90.5515
2676 6.2416 441.04
2677 5.91481 227.302
2678 86.3746 323.15
2679 270.056 219.406
2680 110.289 64.9346
2681 247.501 142.479
2682 183.065 213.292
2683 289.586 333.076
2684 111.649 345.101
2685 146.06 399.452
2686 261.437 441.05
2687 229.115 120.059
2688 296.119 119.708
2689 36.5017 294.672
2690 215.901 72.7679
2691 151.563 164.23
2692 179.723 367.155
2693 42.3838 253.717
2694 247.586 14.0296
2695 159.175 45.4492
2696 258.705 102.96
2697 237.014 323.798
2698 209.983 46.6131
2699 35.8579 343.236
2700 148.544 309.449
2701 181.302 23.619
2702 45.1419 408.613
2703 74.5213 364.196
2704 101.794 116.953
2705 279.255 143.645
2706 286.654 162.162
2707 252.754 249.137
2708 231.054 49.0654
2709 155.46 278.555
2710 92.411 188.364
2711 46.1642 380.758
2712 18.9114 428.638
2713 255.535 45.2011
2714 27.2125 65.5112
2715 223.161 196.289
2716 136.157 436.048
2717 22.1323 362.177
2718 135.921 329.855
2719 261.205 182.689
2720 145.088 94.2446
2721 211.496 316.51
2722 297.115 331.426
2723 57.6024 387.519
2724 25.0811 416.659
2725 279.379 69.6737
2726 239.069 151.021
2727 159.298 64.1126
2728 293.432 126.121
2729 233.587 385.928
2730 227.056 320.671
2731 132.5 369.479
2732 68.1231 299.66
2733 226.682 30.0195
2734 79.0452 332.712
2735 13.3226 397.654
2736 46.5006 210.794
2737 36.1384 443.877
2738 194.272 225.624
2739 293.903 393.63
2740 14.8828 108.051
2741 293.307 331.899
2742 79.9595 40.4386
2743 43.5848 418.598
2744 67.8939 137.441
2745 261.509 113.598
2746 125.914 364.202
2747 117.571 103.162
2748 21.2918 301.61
2749 228.111 419.923
2750 13.8171 195.101
2751 165.42 285.365
2752 207.955 307.805
2753 131.496 162.35
2754 139.861 9.85597
2755 134.376 11.6045
2756 183.71 384.922
2757 73.5293 211.594
2758 273.358 294.083
2759 62.4714 432.99
2760 12.5289 405.825
2761 41.3987 80.793
2762 87.1354 440.639
2763 42.4272 279.689
2764 142.928 427.869
2765 272.335 207.72
2766 273.678 367.499
2767 122.791 334.156
2768 75.4508 338.158
2769 21.1447 433.157
2770 60.5427 382.627
2771 7.72127 172.221
2772 134.88 31.1958
2773 68.0767 361.912
2774 212.778 116.586
2775 115.57 204.718
2776 2.84817 140.6
2777 2.63875 207.277
2778 256.161 169.313
2779 280.798 331.504
2780 173.159 345.041
2781 100.307 20.6287
2782 129.234 258.545
2783 230.636 299.155
2784 143.752 293.709
2785 81.8416 324.163
2786 296.674 337.344
2787 158.492 265.967
2788 282.36 404.663
2789 151.788 136.347
2790 8.49699 401.121
2791 193.67 82.7474
2792 114.794 327.987
2793 90.396 444.748
2794 235.529 370.703
2795 193.708 149.159
2796 266.988 309.011
2797 66.7971 96.77
2798 82.9357 154.855
2799 273.956 65.5566
2800 153.168 356.224
2801 98.9439 299.015
2802 14.6549 429.591
2803 71.8139 233.885
2804 255.863 243.632
2805 63.0432 78.514
2806 2.33376 366.555
2807 263.29 274.669
2808 145.658 359.135
2809 83.0738 444.569
2810 3.56436 83.7853
2811 173.267 268.305
2812 221.37 321.472
2813 117.632 192.988
2814 238.198 338.718
2815 1.77815 73.4967
2816 122.456 8.3222
2817 108.195 80.0501
2818 273.878 173.947
2819 183.503 256.349
2820 162.624 368.142
2821 124.742 95.9836
2822 98.5018 210.871
2823 214.056 248.911
2824 37.6698 165.501
2825 73.3377 21.5411
2826 169.614 439.878
2827 191.212 64.6143
2828 226.435 363.038
2829 107.709 166.435
2830 248.161 215.811
2831 65.2856 244.377
2832 277.733 108.521
2833 273.426 275.222
2834 293.77 150.87
2835 58.9851 179.876
2836 54.8859 410.13
2837 187.123 282.442
2838 25.4555 17.3754
2839 225.595 430.995
2840 287.627 440.264
2841 57.1556 73.2272
2842 157.844 432.45
2843 235.335 174.611
2844 270.832 118.99
2845 86.3003 264.545
2846 106.985 428.78
2847 290.844 227.858
2848 48.5908 149.328
2849 257.028 313.25
2850 13.34 374.745
2851 143.499 416.266
2852 32.2377 227.681
2853 43.2914 225.901
2854 212.744 231.836
2855 111.453 3.14763
2856 111.655 85.8969
2857 273.743 247.782
2858 148.229 298.822
2859 291.384 160.029
2860 289.25 256.971
2861 198.203 421.381
2862 267.361 150.672
2863 21.282 258.031
2864 214.962 345.368
2865 295.764 238.856
2866 207.428 218.459
2867 258.188 22.0296
2868 175.559 19.3514
2869 117.63 301.975
2870 241.897 57.0271
2871 31.3788 15.7833
2872 2.56689 88.2578
2873 271.727 268.891
2874 104.52 418.977
2875 39.2948 41.37
2876 253.675 18.0158
2877 8.3866 383.7
2878 103.865 399.391
2879 35.0282 327.892
2880 59.4697 87.1024
2881 284.185 119.016
2882 32.2391 318.398
2883 148.207 343.238
2884 128.901 174.649
2885 247.281 426
2886 296.924 382.771
2887 59.3837 320.948
2888 219.497 293.137
2889 228.009 308.29
2890 257.695 248.242
2891 144.742 242.495
2892 166.051 157.035
2893 256.638 282.897
2894 146.58 423.801
2895 61.0085 439.841
2896 8.78175 230.572
2897 89.1723 24.7682
2898 105.425 2.952
2899 42.7631 22.7453
2900 189.688 168.73
2901 31.6357 58.1834
2902 249.747 113.501
2903 20.4534 386.763
2904 45.4046 358.841
2905 205.658 379.428
2906 182.314 130.781
2907 282.381 197.452
2908 257.217 75.5173
2909 20.3433 440.684
2910 152.749 46.9153
2911 160.644 199.617
2912 137.417 413.337
2913 130.7 292.598
2914 167.273 317.27
2915 214.078 139.719
2916 128.989 351.968
2917 237.041 157.353
2918 165.226 135.224
2919 178.843 317.29
2920 88.2841 161.975
2921 60.5726 309.18
2922 183.25 75.6529
2923 20.0336 149.172
2924 124.329 151.006
2925 221.486 240.864
2926 286.523 262.151
2927 153.752 268.304
2928 20.312 6.59481
2929 216.889 47.4476
2930 122.786 339.146
2931 160.48 237.748
2932 8.40547 298.936
2933 233.71 333.8
2934 185.359 167.037
2935 71.1846 443.309
2936 26.6721 368.468
2937 292.526 183.922
2938 75.0662 75.1188
2939 161.961 94.2999
2940 40.8212 395.766
2941 73.7176 145.281
2942 114.496 370.088
2943 118.228 398.885
2944 216.909 369.699
2945 279.995 248.695
2946 55.491 382.753
2947 13.3451 156.412
2948 98.1601 327.029
2949 61.1537 267.571
2950 63.0727 176.332
2951 188.191 161.605
2952 23.5617 275.563
2953 218.156 153.567
2954 197.122 219.977
2955 126.087 381.705
2956 28.5355 431.006
2957 190.01 321.03
2958 120.12 430.985
2959 78.1476 22.9063
2960 257.402 175.768
2961 37.2657 113.835
2962 38.4495 228.447
2963 48.3145 223.203
2964 146.241 248.633
2965 277.46 335.671
2966 193.421 422.171
2967 176.851 132.982
2968 133.036 339.648
2969 172.576 339.715
2970 179.687 351.94
2971 252.688 63.0077
2972 272.269 351.825
2973 284.89 24.5031
2974 145.753 260.312
2975 50.8639 277.267
2976 251.767 286.01
2977 243.697 315.805
2978 145.205 163.644
2979 226.217 315.81
2980 69.1507 430.351
2981 33.0628 177.982
2982 261.388 390.796
2983 278.83 120.286
2984 248.132 306.207
2985 232.637 362.493
2986 286.16 286.439
2987 182.359 18.3313
2988 238.785 311.86
2989 201.491 433.094
2990 277.466 16.0788
2991 263.49 200.473
2992 76.6118 353.817
2993 199.726 314.63
2994 274.147 158.407
2995 126.654 289.492
2996 14.3816 249.14
2997 236.195 357.982
2998 119.814 57.9023
2999 181.265 137.127
3000 227.916 220.067
3001 117.563 434.971
3002 296.474 180.092
3003 25.6417 443.3
3004 278.098 267.255
3005 38.6609 299.88
3006 38.1432 197.358
3007 214.178 27.1358
3008 166.585 130.799
3009 89.8558 152.22
3010 44.247 197.16
3011 26.9552 230.002
3012 56.845 235.605
3013 90.059 341.027
3014 12.9697 283.057
3015 52.0268 386.591
3016 297.375 3.41486
3017 108.292 359.137
3018 255.591 326.166
3019 256.58 362.901
3020 249.337 316.409
3021 166.187 102.103
3022 14.2238 243.554
3023 56.2522 174.25
3024 248.578 333.616
3025 267.596 60.8358
3026 217.46 225.017
3027 46.9793 279.942
3028 210.042 90.8921
3029 220.976 316.842
3030 200.057 178.118
3031 105.137 392.592
3032 57.9093 270.969
3033 15.3066 275.341
3034 45.7968 351.898
3035 170.55 307.991
3036 26.9093 321.431
3037 145.878 444.548
3038 64.0674 30.6459
3039 2.35153 93.2271
3040 11.1536 433.765
3041 104.543 59.6235
3042 139.937 278.38
3043 40.8322 291.548
3044 121.226 76.8532
3045 168.874 444.574
3046 199.053 150.737
3047 295.058 15.8608
3048 173.275 91.8766
3049 29.9159 378.952
3050 165.564 177.544
3051 168.757 431.615
3052 246.961 370.019
3053 191.894 390.972
3054 258.592 416.821
3055 184.51 268.004
3056 113.489 32.344
3057 114.776 286.004
3058 42.9717 433.854
3059 291.424 399.144
3060 158.745 395.161
3061 53.53 16.1443
3062 2.69238 148.058
3063 66.4132 266.735
3064 174.648 34.1544
3065 287.324 382.589
3066 244.706 292.841
3067 221.548 77.8206
3068 194.241 184.582
3069 29.0647 243.39
3070 104.884 194.832
3071 167.647 29.5913
3072 103.401 335.659
3073 37.7148 287.7
3074 192.064 386.532
3075 257.797 201.689
3076 85.8083 257.636
3077 118.163 308.292
3078 287.673 403.434
3079 47.7623 203.817
3080 207.413 103.601
3081 184.647 345.322
3082 265.696 234.391
3083 208.668 327.171
3084 24.4612 429.605
3085 41.5366 134.993
3086 150.964 373.542
3087 64.5378 212.53
3088 213.578 300.008
3089 179.096 413.567
3090 193.57 405.869
3091 169.066 343.6
3092 77.0279 234.544
3093 111.05 276.808
3094 274.207 357.332
3095 272.28 371.96
3096 133.143 144.727
3097 187.665 250.774
3098 199.129 308.227
3099 114.625 290.953
3100 11.6802 118.657
3101 244.007 7.72542
3102 246.151 193.281
3103 19.2614 91.0365
3104 96.2224 335.397
3105 54.6078 229.992
3106 198.159 244.118
3107 148.478 314.889
3108 268.119 259.616
3109 173.299 317.363
3110 3.14322 112.406
3111 183.045 199.928
3112 86.956 405.682
3113 41.6786 119.267
3114 105.476 364.391
3115 267.242 373.576
3116 174.125 282.985
3117 55.1284 309.057
3118 188.831 393.676
3119 258.595 134.122
3120 290.585 117.705
3121 225.631 189.146
3122 229.957 247.5
3123 223.911 306.518
3124 89.214 364
3125 267.857 136.73
3126 26.5246 195.343
3127 14.6727 189.033
3128 183.925 81.5641
3129 32.1077 200.237
3130 3.63603 271.059
3131 71.7837 293.015
3132 31.9969 373.689
3133 283.659 278.057
3134 58.0136 204.183
3135 266.921 67.9233
3136 80.5408 311.915
3137 262.149 170.489
3138 49.3073 395.052
3139 202.598 67.1407
3140 154.503 290.316
3141 51.9669 326.404
3142 175.768 375.423
3143 278.603 191.405
3144 286.082 272.623
3145 296.012 259.012
3146 159.889 281.643
3147 216.61 331.017
3148 149.028 353.409
3149 288.875 346.667
3150 136.864 403.709
3151 46.2622 345.11
3152 194.955 178.994
3153 213.628 259.705
3154 105.864 379.093
3155 277.595 342.877
3156 270.21 44.2419
3157 113.46 265.366
3158 223.371 117.385
3159 198.253 197.325
3160 29.7526 359.104
3161 286.589 298.93
3162 128.032 402.209
3163 72.0492 413.374
3164 9.55029 137.591
3165 33.2571 431.538
3166 8.48207 144.043
3167 272.004 404.996
3168 165.787 263.787
3169 187.817 111.029
3170 72.8244 38.8023
3171 235.646 248.695
3172 133.989 287.723
3173 260.313 14.2189
3174 262.776 445.079
3175 215.867 165.367
3176 158.379 359.803
3177 50.1114 68.7051
3178 108.953 206.481
3179 48.988 285.323
3180 67.7745 271.688
3181 273.341 163.22
3182 64.8567 167.187
3183 41.2482 149.768
3184 52.2979 443.751
3185 202.124 389.644
3186 21.2197 330.244
3187 195.478 202.508
3188 197.316 263.81
3189 19.9718 194.195
3190 276.041 139.062
3191 211.84 332.387
3192 86.9821 116.057
3193 169.759 273.114
3194 292.135 384.194
3195 236.464 223.932
3196 8.60727 35.8931
3197 205.415 72.9263
3198 217.186 200.956
3199 2.68317 249.508
3200 164.483 440.594
3201 79.7089 52.9839
3202 106.214 326.79
3203 79.6185 246.433
3204 195.384 368.534
3205 288.799 444.793
3206 231.956 184.666
3207 218.099 212.671
3208 2.97471 133.403
3209 292.936 205.177
3210 72.9927 369.846
3211 121.179 189.931
3212 132.227 268.727
3213 271.648 36.7262
3214 102.785 106.437
3215 39.7926 190.787
3216 233.349 293.122
3217 241.564 443.929
3218 245.159 277.01
3219 286.787 8.01998
3220 9.49115 130.953
3221 207.743 196.464
3222 263.674 251.55
3223 2.49796 422.411
3224 53.4032 239.984
3225 279.934 125.47
3226 296.786 397.365
3227 22.2756 2.21905
3228 288.911 46.7338
3229 16.592 358.294
3230 255.731 369.044
3231 247.087 85.7391
3232 32.4678 160.164
3233 151.405 282.079
3234 183.549 349.555
3235 166.381 145.528
3236 50.234 235.188
3237 18.3943 324.511
3238 212.487 148.042
3239 278.653 318.318
3240 141.749 157.842
3241 195.796 351.965
3242 85.1437 197.588
3243 92.5027 49.9054
3244 287.13 212.239
3245 213.753 402.456
3246 97.3442 285.575
3247 50.5876 347.18
3248 202.332 102.907
3249 241.191 304.995
3250 153.56 311.111
3251 288.205 373.647
3252 100.029 149.036
3253 254.494 147.631
3254 262.928 396.719
3255 63.9505 366.51
3256 282.205 283.102
3257 263.284 355.854
3258 137.28 18.9492
3259 78.1476 284.317
3260 176.705 307.117
3261 285.281 398.814
3262 16.7329 232.606
3263 106.209 213.344
3264 62.2199 112.552
3265 1.99035 307.86
3266 245.792 386.819
3267 65.098 393.461
3268 95.8098 159.283
3269 111.877 234.618
3270 14.2523 314.853
3271 57.7631 159.502
3272 93.7258 299.508
3273 83.8184 400.222
3274 161.75 148.293
3275 17.3291 362.18
3276 183.089 363.13
3277 208.012 97.3686
3278 164.772 173.038
3279 239.12 274.528
3280 44.2348 260.359
3281 243.543 236.326
3282 29.4899 295.089
3283 261.109 360.586
3284 80.2663 178.606
3285 126.403 323.815
3286 200.537 78.1104
3287 276.827 393.994
3288 94.1686 396.586
3289 237.861 438.726
3290 261.065 130.243
3291 231.094 380.475
3292 33.8658 222.975
3293 16.9476 227.08
3294 25.707 299.209
3295 53.7453 224.596
3296 228.652 108.837
3297 166.679 427.556
3298 116.848 275.313
3299 206.471 41.0584
3300 8.70146 245.833
3301 55.0778 277.321
3302 40.2648 304.607
3303 289.042 149.774
3304 147.212 406.557
3305 71.2017 198.059
3306 148.794 193.221
3307 16.6986 256.553
3308 201.392 88.9587
3309 176.746 145.862
3310 193.474 194.64
3311 218.409 267.122
3312 88.5422 97.4369
3313 93.2737 419.775
3314 14.5588 166.989
3315 172.884 258.957
3316 87.5649 394.772
3317 179.468 102.855
3318 160.942 427.581
3319 121.494 27.2355
3320 123.872 309.371
3321 102.102 143.102
3322 176.007 289.149
3323 209.274 357.892
3324 2.62871 213.424
3325 42.2139 59.2308
3326 198.234 140.135
3327 178.862 259.873
3328 195.32 113.147
3329 32.2165 165.896
3330 196.986 392.708
3331 2.36236 98.7872
3332 245.926 352.65
3333 266.368 402.375
3334 250.316 269.678
3335 120.357 406.72
3336 257.547 356.914
3337 187.998 259.012
3338 26.2318 257.815
3339 221.197 353.632
3340 205.905 420.61
3341 283.627 202.398
3342 212.542 348.45
3343 105.938 256.072
3344 84.3423 389.443
3345 179.989 423.049
3346 33.6406 190.346
3347 163.416 59.5661
3348 76.0847 124.473
3349 297.006 220.49
3350 258.403 50.1894
3351 222.749 302.432
3352 52.8883 352.139
3353 266.1 393.316
3354 178.853 361.878
3355 180.601 431.415
3356 190.715 14.1349
3357 280.733 35.3108
3358 247.277 175.523
3359 167.251 378.158
3360 189.436 154.648
3361 33.5515 304.053
3362 185.872 292.8
3363 171.622 132.685
3364 219.292 206.772
3365 31.6165 286.051
3366 274.846 380.197
3367 144.715 318.261
3368 161.438 320.695
3369 288.661 133.82
3370 296.203 300.583
3371 108.583 293.419
3372 41.436 405.218
3373 276.774 222.212
3374 143.402 381.947
3375 295.719 343.123
3376 195.439 18.6958
3377 280.931 114.044
3378 181.775 337.159
3379 199.042 277.859
3380 115.907 24.4258
3381 119.835 289.691
3382 60.9104 230.995
3383 158.366 439.792
3384 186.495 7.51366
3385 252.935 343.773
3386 279.721 130.738
3387 144.223 136.215
3388 153.573 342.865
3389 291.134 251.419
3390 296.447 77.0068
3391 241.951 138.751
3392 271.355 326.469
3393 223.537 437.755
3394 141.545 120.631
3395 143.528 310.705
3396 69.3134 335.113
3397 292.704 131.917
3398 265.349 212.53
3399 231.015 113.769
3400 217.116 243.77
3401 50.4932 108.001
3402 187.894 437.561
3403 19.8562 154.845
3404 71.2566 81.5015
3405 210.741 129.162
3406 293.125 142.468
3407 191.384 254.862
3408 140.43 220.757
3409 37.4721 316.898
3410 109.034 107.425
3411 201.861 352.454
3412 256.991 266.663
3413 68.2848 147.887
3414 236.736 62.8582
3415 192.991 348.33
3416 189.459 212.665
3417 15.5301 35.2384
3418 236.009 180.941
3419 81.0088 161.874
3420 280.032 326.326
3421 269.526 399.039
3422 17.0505 288.375
3423 258.439 261.583
3424 234.851 196.239
3425 55.4569 399.035
3426 207.447 411.316
3427 235.88 116.3
3428 286.418 416.053
3429 137.498 162.666
3430 186.373 380.038
3431 173.607 386.225
3432 211.301 422.372
3433 99.8348 127.033
3434 230.325 275.425
3435 49.1456 87.2472
3436 81.6436 73.531
3437 228.682 76.6033
3438 72.2295 219.271
3439 127.091 270.31
3440 156.845 113.335
3441 91.0971 430.783
3442 271.958 384.349
3443 91.8381 213.382
3444 271.506 445.048
3445 204.977 189.83
3446 257.351 411.8
3447 66.2092 228.165
3448 111.087 393.665
3449 155.996 80.2368
3450 7.82242 43.249
3451 184.046 298.492
3452 52.5256 40.0359
3453 181.542 48.8785
3454 126.194 51.5869
3455 219.557 250.193
3456 11.8956 410.562
3457 48.1705 229.393
3458 194.18 268.133
3459 75.6701 417.629
3460 73.7661 288.964
3461 63.2851 249.587
3462 199.91 109.725
3463 139.636 239.823
3464 41.6856 321.866
3465 165.715 182.188
3466 104.455 261.696
3467 42.6388 142.257
3468 222.494 106.826
3469 248.231 259.293
3470 9.09136 276.73
3471 175.354 436.558
3472 271.705 440.594
3473 94.8239 346.514
3474 280.566 363.12
3475 168.127 235.28
3476 267.894 370.176
3477 219.976 142.407
3478 277.67 350.74
3479 264.762 239.406
3480 289.286 95.646
3481 24.9037 93.818
3482 175.495 139.23
3483 296.844 130.741
3484 131.733 252.417
3485 9.74078 288.865
3486 24.968 52.503
3487 219.638 419.584
3488 175.904 46.9175
3489 247.518 288.988
3490 20.2558 445.026
3491 87.2195 424.496
3492 101.53 405.603
3493 274.105 225.539
3494 171.774 159.889
3495 21.5896 228.312
3496 80.6823 364.821
3497 171.958 116.04
3498 226.199 250.879
3499 62.7232 6.99935
3500 50.6263 246.284
3501 117.191 249.446
3502 245.824 19.4496
3503 168.168 53.8343
3504 289.632 282.223
3505 101.682 26.7505
3506 78.0767 380.499
3507 32.3121 195.212
3508 152.229 58.3174
3509 95.7542 153.152
3510 158.374 380.567
3511 71.7364 32.4404
3512 171.559 323.348
3513 182.615 220.462
3514 212.265 211.733
3515 56.1251 9.39615
3516 37.9163 338.281
3517 102.401 155.608
3518 72.2109 350.729
3519 262.702 247.079
3520 32.1348 81.7256
3521 270.582 213.609
3522 71.4921 112.291
3523 47.5118 240.612
3524 261.419 233.054
3525 189.47 85.3584
3526 108.571 90.3835
3527 168.904 409.238
3528 207.372 265.475
3529 133.685 318.066
3530 53.3426 364.319
3531 240.045 385.812
3532 89.1939 334.501
3533 116.139 158.294
3534 176.703 112.717
3535 297.14 125.352
3536 237.091 429.351
3537 1.70733 79.8579
3538 127.012 196.131
3539 283.455 215.087
3540 90.9001 324.601
3541 167.127 339.395
3542 229.199 436.971
3543 68.3408 261.803
3544 117.201 121.777
3545 159.411 303.763
3546 57.4797 195.251
3547 49.8296 94.7859
3548 36.0766 204.281
3549 296.12 28.3786
3550 277.236 431.49
3551 79.8009 256.096
3552 260.008 41.0877
3553 122.183 387.443
3554 234.139 353.388
3555 154.097 174.74
3556 93.2012 329.061
3557 10.3319 370.789
3558 231.014 90.7567
3559 134.212 356.041
3560 172.687 380.192
3561 208.698 84.9633
3562 198.818 355.683
3563 213.692 283.413
3564 106.9 238.692
3565 51.7951 314.021
3566 23.2037 189.745
3567 225.58 330.193
3568 36.5672 72.9298
3569 11.3902 438.546
3570 286.408 167.144
3571 80.8484 394.114
3572 268.59 30.4313
3573 130.123 99.5031
3574 148.851 169.308
3575 295.751 68.1033
3576 78.1872 411.77
3577 64.9396 425.345
3578 296.265 155.585
3579 178.563 158.094
3580 29.3303 2.98772
3581 99.2807 275.65
3582 193.585 417.151
3583 2.81076 126.058
3584 220.107 443.615
3585 196.834 212.528
3586 169.084 397.5
3587 203.96 310.825
3588 212.353 337.886
3589 216.26 341.459
3590 2.4391 232.039
3591 133.967 334.168
3592 173.801 417.907
3593 78.2245 369.453
3594 281.852 428.589
3595 24.9237 24.4338
3596 231.063 374.229
3597 67.8778 347.996
3598 133.917 50.3564
3599 122.65 243.761
3600 291.91 81.8153
3601 237.824 400.214
3602 32.9793 416.398
3603 257.619 34.5942
3604 59.6523 225.356
3605 263.095 217.504
3606 289.443 19.5809
3607 150.201 123.99
3608 213.359 183.657
3609 203.268 224.783
3610 203.385 142.604
3611 18.957 422.471
3612 190.977 174.728
3613 99.4172 198.699
3614 87.8636 210.421
3615 200.481 250.094
3616 87.5512 435.477
3617 195.796 67.8884
3618 260.767 189.105
3619 269.479 341.066
3620 269.021 2.43372
3621 204.501 348.876
3622 247.374 443.694
3623 118.434 144.651
3624 93.1548 439.793
3625 227.022 289.497
3626 171.518 367.317
3627 7.27422 424.166
3628 284.416 444.475
3629 259.806 293.152
3630 14.1868 327.882
3631 90.4707 401.205
3632 47.2517 136.88
3633 250.179 159.608
3634 34.069 210.476
3635 224.98 284.375
3636 12.6227 253.973
3637 99.5018 2.96084
3638 192.63 285.509
3639 92.7403 425.403
3640 58.6314 210.225
3641 258.169 221.51
3642 294.301 3.00053
3643 186.142 273.065
3644 58.4144 107.221
3645 177.43 357.148
3646 77.9279 169.964
3647 231.539 104.161
3648 14.2098 308.3
3649 191.067 353.089
3650 30.1127 309.392
3651 285.632 305.486
3652 139.98 2.9976
3653 7.89172 264.465
3654 192.286 8.41507
3655 119.349 216.627
3656 80.0576 302.004
3657 135.675 302.827
3658 34.8085 35.2622
3659 38.656 390.849
3660 219.644 148.768
3661 164.982 115.34
3662 294.423 164.295
3663 296.134 196.978
3664 280.244 273.526
3665 210.134 312.159
3666 291.846 389.117
3667 291.367 412.471
3668 284.124 41.3694
3669 275.943 271.275
3670 95.0497 118.417
3671 267.962 172.628
3672 276.048 329.28
3673 189.129 77.8404
3674 181.785 34.7183
3675 48.1409 117.913
3676 98.4742 351.33
3677 205.542 436.538
3678 249.784 9.01604
3679 271.837 7.31483
3680 9.6161 55.4772
3681 69.0807 328.175
3682 174.767 444.806
3683 291.828 222.161
3684 22.6236 381.419
3685 271.429 105.337
3686 242.279 232.169
3687 194.094 45.6116
3688 250.782 23.7806
3689 85.9035 148.869
3690 296.592 87.6594
3691 77.0655 117.148
3692 268.289 24.5629
3693 157.48 146.807
3694 156.97 250.407
3695 262.644 138.61
3696 76.9193 156.564
3697 111.757 10.4308
3698 289.93 242.182
3699 138.205 132.749
3700 139.324 321.224
3701 74.8048 393.774
3702 184.818 12.8482
3703 179.016 346.742
3704 201.63 382.435
3705 236.53 7.47064
3706 35.7389 98.4249
3707 17.8297 280.229
3708 98.0202 308.991
3709 267.248 113.53
3710 31.4232 369.089
3711 99.05 341.603
3712 216.245 375.078
3713 92.3646 82.2713
3714 264.558 333.117
3715 228.173 95.8312
3716 222.219 35.8997
3717 244.292 310.194
3718 176.646 427.535
3719 222.685 98.1124
3720 73.7896 407.755
3721 159.411 331.261
3722 41.7673 94.0792
3723 177.241 255.478
3724 14.1878 42.9301
3725 295.363 34.9556
3726 94.38 146.49
3727 261.778 385.746
3728 136.497 430.853
3729 94.0936 2.71861
3730 117.887 39.7456
3731 180.649 194.235
3732 33.9182 402.431
3733 46.7226 160.379
3734 8.16188 349.193
3735 126.804 439.473
3736 56.7758 126.485
3737 104.231 227.859
3738 181.831 272.701
3739 71.4744 267.974
3740 74.577 375.313
3741 233.894 24.4274
3742 278.273 295.587
3743 285.574 68.9948
3744 95.692 216.309
3745 43.5663 423.568
3746 250.641 99.0459
3747 251.404 362.891
3748 160.583 132.414
3749 201.651 201.927
3750 24.7819 239.25
3751 110.842 133.163
3752 288.904 341.986
3753 181.725 371.416
3754 188.873 372.283
3755 296.025 96.8622
3756 137.542 267.249
3757 270.074 366.948
3758 153.627 435.012
3759 275.208 242.328
3760 158.003 413.087
3761 236.691 168.506
3762 118.54 152.485
3763 35.4502 11.1847
3764 2.73571 9.56456
3765 289.737 276.799
3766 5.11817 344.115
3767 108.338 403.767
3768 94.7788 249.437
3769 224.45 231.656
3770 3.87126 2.66318
3771 33.6126 150.121
3772 250.026 408.491
3773 94.193 414.276
3774 239.173 86.1538
3775 180.891 328.901
3776 69.481 307.627
3777 115.916 375.919
3778 193.62 280.266
3779 229.972 17.6066
3780 38.6864 47.8956
3781 160.825 230.014
3782 115.945 82.293
3783 190.403 344.208
3784 252.483 5.54074
3785 72.7479 297.331
3786 202.805 328.196
3787 163.026 431.603
3788 175.399 11.6734
3789 206.548 331.768
3790 262.981 376.694
3791 29.8813 172.57
3792 204.139 25.4106
3793 57.8498 444.379
3794 152.568 362.017
3795 18.4103 206.577
3796 236.353 144.078
3797 69.2983 284.747
3798 268.508 437.345
3799 171.448 81.3854
3800 175.93 391.06
3801 140.488 399.79
3802 151.608 9.29767
3803 37.4351 267.01
3804 85.86 279.225
3805 10.0507 442.263
3806 277.065 5.97397
3807 201.109 43.7791
3808 140.78 167.36
3809 22.2524 412.421
3810 85.1063 362.472
3811 195.2 77.8762
3812 175.998 73.2471
3813 23.6168 325.338
3814 50.3393 399.488
3815 223.589 133.635
3816 66.7102 48.0105
3817 189.792 339.565
3818 115.775 387.48
3819 202.361 185.711
3820 44.6852 28.9603
3821 13.6186 223.412
3822 43.4318 439.713
3823 218.962 400.308
3824 102.285 306.223
3825 81.1552 231.56
3826 98.6095 110.77
3827 75.2982 310.603
3828 172.459 400.914
3829 87.8255 225.73
3830 1.681 435.898
3831 289.33 368.45
3832 240.195 239.84
3833 112.938 301.043
3834 14.5818 320.556
3835 98.3419 422.924
3836 144.81 212.635
3837 129.532 312.927
3838 53.1077 46.8377
3839 50.49 375.484
3840 52.882 190.405
3841 144.151 204.718
3842 159.812 213.53
3843 90.833 368.779
3844 182.039 118.493
3845 38.5515 417.885
3846 51.9294 30.0592
3847 183.006 124.002
3848 163.933 294.543
3849 9.07628 87.2037
3850 170.2 109.837
3851 291.302 431.344
3852 266.322 156.846
3853 265.299 100.732
3854 73.6564 151.375
3855 258.54 252.825
3856 83.9162 173.046
3857 91.0281 219.788
3858 166.308 327.317
3859 167.848 388.739
3860 228.866 257.309
3861 284.136 91.4542
3862 149.169 292.854
3863 58.2472 28.9658
3864 184.749 65.0073
3865 181.561 239.059
3866 167.484 290.863
3867 18.6614 344.55
3868 253.067 238.139
3869 96.0468 96.0632
3870 8.63245 7.31164
3871 16.9627 62.3116
3872 248.396 413.021
3873 143.623 109.581
3874 15.6203 84.1301
3875 206.792 431.262
3876 32.5157 299.183
3877 186.895 205.878
3878 11.0643 310.782
3879 70.4672 170.118
3880 203.411 195.826
3881 44.4885 307.807
3882 213.444 325.93
3883 208.985 173.6
3884 159.381 255.802
3885 92.5763 112.095
3886 193.796 300.085
3887 279.211 424.844
3888 186.761 134.222
3889 135.661 156.895
3890 170.6 264.028
3891 234.349 278.836
3892 208.895 350.531
3893 294.557 378.738
3894 195.977 119.196
3895 238.694 260.595
3896 82.4157 274.352
3897 28.3924 37.7698
3898 106.927 308.688
3899 56.0023 370.965
3900 273.829 263.515
3901 49.4414 264.434
3902 135.765 174.514
3903 45.0752 414.01
3904 256.13 163.049
3905 168.735 297.899
3906 252.494 80.3748
3907 237.1 283.217
3908 107.244 47.514
3909 240.8 279.764
3910 273.719 338.525
3911 28.4276 179.59
3912 49.3209 418.659
3913 231.325 348.913
3914 151.819 141.609
3915 163.617 206.582
3916 29.1335 419.922
3917 104.062 346.075
3918 73.1665 101.142
3919 171.201 243.178
3920 44.286 248.374
3921 169.061 362.107
3922 168.478 348.366
3923 57.7796 2.71424
3924 54.2744 301.934
3925 206.342 55.6306
3926 167.585 259.028
3927 68.6914 132.442
3928 180.663 183.41
3929 296.139 358.071
3930 86.3138 133.145
3931 250.538 328.219
3932 265.224 132.552
3933 241.335 161.683
3934 108.675 230.812
3935 264.427 47.6935
3936 235.074 272.064
3937 94.7534 26.0833
3938 42.7658 341.187
3939 41.3629 386.935
3940 142.417 327.932
3941 109.106 118.903
3942 97.406 72.9585
3943 156.493 326.625
3944 33.9424 332.87
3945 254.546 419.735
3946 279.89 239.858
3947 214.844 418.337
3948 19.4521 184.923
3949 208.179 346.019
3950 243.507 414.437
3951 198.244 94.4805
3952 28.9549 204.075
3953 52.2247 281.719
3954 82.9748 4.15676
3955 275.629 410.299
3956 110.951 418.083
3957 136.695 293
3958 87.51 203.853
3959 247.183 199.448
3960 100.437 240.089
3961 237.62 93.8524
3962 24.0463 201.559
3963 118.529 381.738
3964 81.648 425.886
3965 153.394 206.796
3966 9.13459 224.007
3967 219.462 283.381
3968 81.9431 418.367
3969 36.1243 121.437
3970 217.391 65.3503
3971 55.5045 81.4856
3972 251.948 264.786
3973 235.219 54.899
3974 217.137 336.216
3975 29.1184 349.812
3976 233.879 204.938
3977 281.785 419.513
3978 142.672 345.945
3979 282.33 244.206
3980 204.158 35.844
3981 123.762 2.58254
3982 268.6 264.883
3983 148.803 436.663
3984 233.643 260.035
3985 59.5678 401.893
3986 240.96 295.133
3987 23.6488 158.136
3988 85.6146 80.4743
3989 178.273 28.906
3990 276.463 41.1828
3991 103.1 186.96
3992 278.174 54.0293
3993 207.289 146.075
3994 77.3755 321.476
3995 237.327 317.178
3996 279.047 135.197
3997 274.2 25.5948
3998 132.607 224.582
3999 221.125 171.074
4000 257.511 444.371